x,y,Name,Genes
10.11234,6.795806,NOL12,NOP16 IMP3 SURF6 DDX56 CCDC137 PAPD5 NOC3L DDX31 FTSJ3 GNL3 REXO4 LARP7 GLTSCR2 GTPBP4 NSA2 EBNA1BP2 LIN28B MYBBP1A DKC1 RPL7L1 RPL26 GZF1 RPS24 FYTTD1 RPL26L1 RBM28 RRP8 ZNF771 DDX27 WHSC1 NIP7 MPHOSPH10 DDX24 ZC3HAV1 DDX21 RPF2 DHX30 LLPH DHX57 PURA PES1 RPS5 BRIX1 RPL17 RRS1 LYAR RPS13 
0.56743217,4.0597014,SND1,ATP6V1D RPL3 RPL30 RPL11 DDX47 RPL21 RPS9 RPL27A RPS5 RPS3 RPS15A 
-0.7111089,1.8089647,RPL8,SSB TUFM RPS8 RPL22 RPL21 RPS9 RPL24 RPL23 RPS7 RPSA MTHFD1 RPL26 FAU RPL22L1 RPL27 RPL26L1 RPL11 RPL10 RPL13 RPL12 HNRNPU ATP5A1 NOLC1 RRBP1 NOL6 FBL RPL36AL PES1 RPL15 RPS5 RPL14 RPS3 RPL18 MINA SRPK1 RPL3L RPS27 RPS29 RPL27A RPS20 RPS23 RPS25 RPL6 RPL31 RPL3 RPL4 RPL30 RPL35 RPL34 ATP5C1 RPL9 RPL7 RPS15 RPS19 G3BP1 RPL37 RPL36 RPL39 RPS12 RPS11 RPS14 RPS13 NSUN2 NAP1L1 RPS3A RPL37A NAT10 EEF1G CALR SLC25A4 SLC25A3 ATP5O RPF2 RPS15A ZNF622 RPS27A HIST1H1B HIST1H1C NPM1 RPL35A RPL23A EBNA1BP2 CANX TSR1 SLC25A6 SLC25A5 RPLP0 HSP90AB1 RPLP2 YBX1 RPL10A RPS4X RPL18A IGF2BP1 IGF2BP3 RACK1 RPL7A RBM34 
28.361814,-1.3112595,COMMD1,COMMD9 COMMD10 FAM45A COMMD3 COMMD4 CCDC22 CCDC93 VPS29 
9.815341,-2.4572277,PDS5B,STAG1 RAD21 PRPF19 CDCA5 CDC5L EIF2S2 SMC1A WAPL SMC3 
9.31366,-1.9067261,TPR,RBM39 CPSF6 RANBP2 SF3A3 DDX17 THOC2 CDC5L PRPF40A EIF2S2 WBP11 SRRM2 U2SURP HNRNPM KPNB1 PRPF8 SNRNP40 PRPF19 PRPF31 CDK12 ACIN1 SRSF5 SRSF6 SRSF7 SNRNP200 SF3A1 RBM25 KHDRBS1 SF3B3 TCERG1 DDX5 DHX9 SRRT DDX23 DDX46 PSIP1 IPO7 CDC73 SNU13 EFTUD2 RUVBL1 SART1 SNRPD2 PUF60 SNRPD1 DHX15 SF3B1 SF3B2 SRSF11 
12.232824,-5.1089325,GNAI2,RIC8A GNG4 GNB1 GNB4 GNAI3 
7.7349877,-0.93560284,LMNB1,DHX9 SRRT SRSF1 U2AF2 PNN SRRM2 U2SURP RUVBL1 DHX15 TRA2B PPIG RNPS1 SRSF6 SRSF7 
-1.0103196,1.8933544,RPL5,SSB TUFM SND1 SUPT16H RPS8 RPL22 DIMT1 RPL21 RPS9 RPS6 RPL24 EIF1AX RPL23 RPS7 RPSA EEF1A1 SERBP1 MTHFD1 RPL26 FAU RPL28 HNRNPC RPL22L1 RPL27 RPL26L1 RPL11 RPL10 RPL13 RPL12 HNRNPU NOLC1 FBL RPL36AL PES1 RPL15 RPS5 RPL14 RPS2 RPS3 RPL19 RPL18 MYH7B MINA EEF2 EIF2S1 SRPK1 RPL3L PUM3 RPS27 RPS26 RPL27A NCL RPS21 RPS20 RPS23 RPS25 RPL6 RPL31 PWP1 RPL3 RPL4 RPL30 MEPCE RPL32 RPL35 RPL34 ATP5C1 SRP14 RPL9 RPL7 RPL8 RPS16 EEF1B2 RPS15 RPS18 RPS19 G3BP1 RPL37 RPL36 RPL39 RPS10 RPL38 RPS12 RPS11 RPS14 RPS13 EIF5B NSUN2 BTF3 HSP90AA1 RPL13A PA2G4 NAP1L1 RPS3A RPL37A NAT10 EEF1G PABPC1 CALR SLC25A3 DUSP18 RPF2 HIST1H1E RPS15A HIST1H1A ZNF622 RPS27A HIST1H1B HIST1H1C HIST1H1D NOP58 NPM1 NPM3 RPL35A RPL23A EBNA1BP2 HADHA CANX TSR1 UBA52 SLC25A6 SLC25A5 EIF3B RPLP0 RPLP2 RPL10L RPLP1 YBX1 RPL10A RPS4X RPL18A RRP15 IGF2BP1 IGF2BP3 RACK1 RPL7A RBM34 
28.399696,-1.3511945,DSCR3,COMMD9 FAM45A COMMD3 COMMD4 CCDC22 COMMD2 CCDC93 COMMD7 COMMD8 VPS29 
8.847446,6.5533834,RPL7L1,ZNF771 DDX27 NOP16 IMP3 IMP4 DDX24 DDX21 PAPD5 GNL3 REXO4 RPF2 GLTSCR2 DHX30 MYBBP1A DKC1 PES1 RPS5 RRS1 GZF1 LYAR 
8.770943,-2.7673666,HNRNPH1,SYNCRIP HNRNPK HNRNPA2B1 HNRNPH2 HNRNPA1L2 TARDBP SKIV2L2 
-1.067085,2.1479037,SERBP1,TTC37 NPM1 NPM3 RPS8 RPL21 RPS9 RPS6 RPL24 EIF1AX RPL23 RPS3A RPL27A DHX29 RPS20 RPL27 RPS23 RPS25 CCDC124 RPL6 MPG RPL3 RPL4 RPL30 RPLP0 DDX47 RPL10 RPL35 RPL13 RTCB HNRNPU RPL10A RPL9 RPS16 RPS4X RPS18 RPL18A RPS19 G3BP1 RPL14 RPL36 RPS3 RACK1 RPS15A ZNF622 RPL18 RPL7A RPS14 RPS13 
10.617908,-1.6155735,CDC40,AQR ISY1 DHX8 BUD31 CDC5L CWC15 CRNKL1 XAB2 SNW1 RAB43 SYF2 CCDC12 PPIE RBM22 BCAS2 
10.660861,-4.9221625,RING1,RNF2 RYBP PCGF5 CBX4 YAF2 
9.040632,-1.6372879,DDX23,PRPF6 HNRNPM SART1 PRPF8 SF3A3 USP39 PRPF31 PRPF40A SNRPB2 
9.097758,-1.6017196,WBP11,PRPF6 PRPF8 SF3A3 PRPF31 ACIN1 SRSF6 SF3A1 SF3B2 
0.075221956,2.1930094,NOL6,NPM1 RPS7 RPS3A GNL3 MYBBP1A PABPC4 TSR1 RPS25 RBM28 RPL6 RPL3 RPL30 RPLP0 RPL10 DDX24 HNRNPU RRBP1 RPL7 FBL RRP9 LARP1 RPS4X DHX57 RPS5 RPS14 
11.583875,-5.573358,NDUFB8,NDUFA8 NDUFA7 NDUFS8 NDUFB5 NDUFB4 NDUFS4 NDUFS3 NDUFB1 
1.0082158,17.085234,MRPS30,MRPL28 MRPS18A MRPL27 MRPL24 MRPL22 MRPL23 MRPL32 MRPL30 MRPL39 MRPL37 MRPL38 MRPL35 YARS2 MRPL33 MRPL34 MRPL42 MRPL43 MRPL40 MRPL41 ICT1 GADD45GIP1 MTERF3 MRPL48 MRPL46 MRPL47 MRPL44 MRPL53 MRPL54 MRPL10 MRPL51 MRPL52 MRPL50 MRPL19 MRPL17 MRPL18 MRPL15 MALSU1 MRPL16 MRPL1 MRPL13 MRPL57 MRPL14 MRPL55 MRPL11 MRPL12 NGRN MRPL20 MRPL4 MRPL21 MRPL3 MRPL2 MRPL9 
10.279324,-5.3879294,CERCAM,ARSA NAGLU FUT11 MAN2B1 SGSH 
16.35201,-17.552078,PSMA5,PSMB8 PSMB3 PSMB1 PSME4 FBXO7 PSMB10 
9.688982,6.810173,BRIX1,UPF1 IMP3 IMP4 DDX31 GNL3 REXO4 LARP7 GTPBP4 MRTO4 NSA2 DKC1 RPL7L1 RPL26 PABPC4 RPL26L1 STAU2 NIP7 ZC3HAV1 NOC4L RPF2 DHX30 HERC5 LLPH RPL36A PES1 RPS5 RPL17 RRS1 SF3B2 LYAR MYEF2 NOP16 DDX56 CCDC137 PAPD5 MRPS22 MINA RRP1B NOC3L FTSJ3 WDR12 GLTSCR2 MOV10 EBNA1BP2 MYBBP1A TSR1 GZF1 NOP56 RPS24 FYTTD1 RBM28 RRP8 ZNF771 DDX27 WHSC1 MPHOSPH10 DDX24 DDX21 RRP9 LARP1 DHX57 
0.34072682,16.348772,YARS2,TRUB2 MRPL4 MRPL32 WBSCR16 ICT1 MRPL50 MTERF3 MRPL19 MALSU1 MRPL13 MRPL14 
0.23758255,16.183924,WBSCR16,TRUB2 MRPL4 MRPL32 ICT1 MRPL50 PTCD1 MTERF3 MRPL19 MRPL28 MRPL13 MRPL47 
15.654134,-6.0632515,PPIF,CNN3 HINT1 LYPLA1 GOT2 TALDO1 GLRX 
8.799304,6.4648433,NSA2,NOP16 IMP3 IMP4 PAPD5 MRPS22 GNL3 REXO4 LARP7 GLTSCR2 EBNA1BP2 MYBBP1A DKC1 RPL7L1 GZF1 NOP56 FYTTD1 RPL26L1 RBM28 ZNF771 DDX27 STAU2 MPHOSPH10 DDX24 DDX21 RPF2 DHX30 PES1 RPS5 RRS1 LYAR 
11.655569,-6.4265156,POLR3G,POLR3B POLR3C CRCP POLR3D POLR1C POLR3H 
8.9060755,-5.26851,STX12,GOSR1 STX6 VTI1A STX10 OPTN TBC1D17 
11.238887,-7.9321938,CNOT10,CNOT6L CNOT6 CNOT7 CNOT8 CNOT2 CNOT3 RQCD1 CNOT11 TNKS1BP1 
12.108846,-4.3047857,CEP170,PCYT1A RUFY2 FRAT2 NIN KIFC3 RFWD3 DAPK3 CEP170B BEGAIN SYNE2 
9.3601675,-1.4474224,PHF5A,SF3B5 SF3A2 SF3A3 SF3B4 PRPF31 SNRPB2 SF3A1 SF3B2 
-0.13571928,2.8554664,DRG1,GNL3L NTMT1 DDX47 LRRC41 ZNF622 ZC3H15 RPS13 
8.451093,6.1438785,DDX27,RBM28 ZNF771 IMP3 STAU2 IMP4 MPHOSPH10 DDX21 PAPD5 MINA RPF2 DHX30 RPS17 MYBBP1A EBNA1BP2 DKC1 PES1 RPS5 GZF1 LYAR NOP56 FYTTD1 
9.299368,-1.8747023,SNU13,CPSF6 DDX3X TCERG1 SF3A3 USP39 DDX5 DDX17 SRRT DDX23 THOC2 CDC5L PRPF40A CDC73 EFTUD2 PRPF6 SART1 PRPF8 PRPF19 SNRPD2 SNRPD1 DHX15 PRPF31 
0.6784248,3.5752897,RPS4X,EIF5B TUFM SND1 RPS8 RPL21 RPS9 MINA RPS3A RPS27 EBNA1BP2 RPL27A FAU TSR1 HNRNPC RPS20 RPS25 RPL3 RPL30 RPL11 RPL10 RPLP2 RPL13 HNRNPU RPF2 RPL36AL G3BP1 PES1 RPL37 RPS5 RPL14 RPL39 RPS3 RPS15A RPS27A 
9.524942,-9.227114,MOB4,PPP2CB STRIP2 SLMAP STRN STRN3 CTTNBP2NL 
11.014292,6.121768,PUM3,RPS8 RPS9 RPL21 ZBTB11 KNOP1 GTPBP4 MRTO4 BOP1 LIN28B XRN2 DKC1 RPL7L1 CCDC86 RPL26 POP1 RPL28 RPL27 RPL26L1 STAU1 STAU2 RPL11 NIP7 RPL13 DHX30 HERC5 PURA PES1 RPL15 RPL14 ZNF668 RPL17 RPS3 RPL19 RPL18 NOP16 DDX56 SURF6 CCDC137 DDX54 FTSJ3 DDX50 GLTSCR2 MOV10 NOL12 RPS23 GLYR1 RSL24D1 RPS24 ZNF771 RPL6 RRP8 RPL3 PWP1 RPL31 RPL4 RPL30 WHSC1 RPL32 PPAN ZNF22 RPL9 TTF1 RPL7 RRP9 RPL8 LARP1 RPS16 RPS15 C7ORF50 RPS18 RPS19 RPL36 BRIX1 RPS10 RPL13A RPS3A DDX31 GNL3 REXO4 GNL2 WDR36 NSA2 CEBPZ ZNF512 HP1BP3 NVL NOP2 PAK1IP1 ZC3HAV1 CTCF RPF1 RPF2 LLPH GAR1 RRS1 RPS15A DDX18 NOP58 MYEF2 KRR1 DDX10 RPL23A PAPD5 NOC3L RSL1D1 EBNA1BP2 MYBBP1A ESF1 NOP56 RBM28 DDX27 RPLP0 RPLP2 DDX24 RPLP1 DDX21 NOC2L RPL10A KRI1 RPS4X RPL18A NKRF RRP15 RRP12 NIFK RBM34 
10.882094,-5.10357,PLXNA3,GALNT13 CNTNAP3 ENTPD6 CHST10 CACNA2D2 PLXNA1 
8.384602,6.109587,IMP3,RBM28 DHX30 MYBBP1A DKC1 IMP4 MPHOSPH10 NOL10 PAPD5 RPS5 LARP7 LYAR RPF2 
9.869634,-5.6048026,CCNA2,CDT1 CDKN1B CDKN1C CCNB1 GMNN CCNE2 CCNE1 CDK3 CKS1B CDK2 CDK1 SKP2 
0.87386185,16.952322,MRPL18,MTERF3 MRPL28 MRPL48 MRPS18A MRPL27 MRPL24 MRPL46 MRPL47 MRPL22 MRPL10 MRPL32 MRPL51 MRPL30 MRPL50 MRPL19 MRPL17 MRPL39 MRPL37 MRPL38 MRPL16 MRPL35 MRPL13 MRPL57 MRPL14 MRPL55 MRPL11 MRPL34 MRPL12 MRPL20 MRPL4 MRPL21 MRPL43 MRPL3 MRPL41 MRPL2 MRPL9 ICT1 
6.73795,-4.996534,ZNF219,HDAC2 MBD2 MBD3 GATAD2A CHD5 GATAD2B MTA2 RBBP4 CDK2AP1 RBBP7 TRIM27 MTA3 ZNF423 
12.524041,-4.778298,BRMS1,SAP130 SIN3A BRMS1L SUDS3 ARID4A ARID4B SAP30 
10.624166,-4.905651,CBX8,RNF2 PHC3 PHC2 CBX4 RING1 BMI1 
-1.6619439,-7.7060823,DPF2,SS18L1 BCL7B ACTL6A SMARCE1 ARID1A SMARCA4 
15.606642,-6.089762,UBE2V1,FAHD1 QDPR HSD17B14 SORD DYNLRB2 UBE2N 
8.838889,-2.762492,HNRNPF,SYNCRIP HNRNPK HNRNPA2B1 HNRNPH1 HNRNPH2 HNRNPA1L2 HNRNPA3 SKIV2L2 
10.669417,-1.4799516,PPIE,AQR RAB43 DHX8 PRPF19 CCDC12 ZNF830 
0.36807922,16.407307,MRPL11,MRPL28 MRPL48 MRPS18A MRPL24 MRPL47 MRPL22 MRPL54 MRPL10 MRPL32 MRPL30 WBSCR16 MRPL50 MRPL19 MRPL38 MRPL13 MRPL57 MRPL14 MRPL55 MRPL34 MRPL4 MRPL21 MRPL43 MRPL3 MRPL2 MRPL9 ICT1 
16.480299,-3.8324215,PPP1R7,PPP1CC PPP1R2 PPP1R11 PPP1CA PPP1CB 
11.684774,-6.520524,POLR3K,POLR3B POLR3C CRCP POLR3D POLR1C POLR3H GPN1 
11.897107,-6.7883506,POLR1A,RRN3 ZNRD1 POLR1B TWISTNB POLR1D POLR2E POLR2F POLR2H POLR2K POLR2L 
-6.4278355,7.001575,MED16,CDK19 MED4 MED9 MED17 MED27 MED6 MED7 MED12L MED29 MED13 MED12 MED23 MED15 MED14 MED25 MED31 MED20 MED22 
12.576439,-4.762118,CTBP1,ZEB1 ZBTB18 TRPS1 RREB1 HIC2 
8.01851,-1.6610858,RBM39,DDX46 PPIG SRSF5 PRPF40A SRSF6 CDC73 SRSF11 
9.694211,-6.543421,EMC8,MMGT1 EMC1 EMC2 EMC3 EMC6 
16.245737,-3.6349556,MYO18A,MYL6 LIMCH1 ACTA1 SPECC1L ACTG1 MYH9 LRRFIP2 MISP LIMA1 
-0.051621243,2.276145,HIST1H1C,RPL6 RPS4X NPM1 RPL30 RPLP0 RPL22L1 RPS15A SLC25A6 RPS25 
0.8087633,16.886242,MRPL16,MRPL28 MRPL48 MRPS18A MRPL27 MRPL24 MRPL46 MRPL47 MRPL22 MRPL53 MRPL54 MRPL10 MRPL32 MRPL51 MRPL30 MRPL52 MRPL50 MRPL19 MRPL17 MRPL39 MRPL37 MRPL38 MRPL35 MRPL13 MRPL57 MRPL14 MRPL33 MRPL55 MRPL11 MRPL34 MRPL12 MRPL20 MRPL4 MRPL21 MRPL43 MRPL3 MRPL41 MRPL2 MRPL9 ICT1 
12.199243,-4.647026,FSCN1,PPIA NECAP2 CELF1 WDR82 PITPNA UBE2M 
-0.1353412,3.1706486,ATP5A1,TUFM RPL21 RPS3A ATP5F1 HADHA UQCRC2 FAU SLC25A6 RPS25 SLC25A4 RPL3 ACADVL HSP90AB1 RPLP2 RPL13 YBX1 ATP5L DLST ATP5C1 ATP2A2 RPL10A ATP5O ATP5E RPL14 RPS3 
-0.9643923,2.013913,RPS10,SSB TUFM SND1 NSUN2 BTF3 RPS8 RPL22 RPL21 RPS9 RPS6 RPL24 EIF1AX RPL23 RPS7 RPL13A RPS3A RPSA RPL37A NAT10 MTHFD1 RPL26 FAU HNRNPC PABPC1 RPL27 RPL11 DDX47 RPL10 RPL13 RPL12 HNRNPU PES1 RPL15 RPS5 RPL14 RPS3 RPS15A ZNF622 RPL18 RPS27A NPM1 RPL35A RPL23A RPS26 RPS29 RPL27A CANX TSR1 RPS20 RPS23 EIF3B RPS25 RPL6 RPL31 RPL3 RPL4 RPL30 RPLP0 RPL35 RPLP2 YBX1 RPL10A RPL9 RPL7 RPL8 RPS16 RPS4X RPS15 RPS18 RPS17 RPL18A RPS19 RRP15 RPL36 RPL39 RACK1 RPS12 RPS11 RPL7A RPS14 RPS13 
10.199846,6.7750278,TTF1,DDX31 GNL3 REXO4 LARP7 GTPBP4 NSA2 BOP1 LIN28B DKC1 RPL7L1 ZCCHC9 NIP7 ZC3HAV1 RPF2 DHX30 LLPH RPL36A PES1 RPL15 GAR1 RPL17 RRS1 LYAR MYEF2 NOP16 SURF6 DDX56 CCDC137 DDX10 PAPD5 NOC3L FTSJ3 GLTSCR2 EBNA1BP2 MYBBP1A NOL12 GZF1 GLYR1 RPS24 FYTTD1 RBM28 RRP8 ZNF771 DDX27 ZNF770 WHSC1 DDX24 DDX21 RRP9 BRIX1 RPS13 
16.249592,-3.7791028,ST5,MYO1C MYO5B CORO1C LIMA1 PPP1CB 
7.653404,-1.1437098,SRSF1,RBM39 THOC2 PPHLN1 PRPF40A WBP11 SRRM2 CLK2 PTMA PRPF8 THRAP3 MKRN1 PPIG SRSF3 RNPS1 SRSF4 ACIN1 SRSF5 SRSF6 SRSF7 SRSF8 LUC7L3 DDX46 SRSF2 CDC73 PNN EFTUD2 U2AF1L5 KIAA1429 SNRNP70 TRA2B LUC7L ZC3H14 SRSF11 
10.422151,6.778533,KRI1,UPF1 IMP3 RBM19 DDX31 GNL3 REXO4 LARP7 GTPBP4 MRTO4 NSA2 LIN28B XRN2 DKC1 RPL26 PABPC4 ZNF512 RPL26L1 STAU2 NIP7 YTHDC2 ZC3HAV1 ZC3H8 DHX30 HERC5 LLPH ZNF629 PURA RPL15 GAR1 RPS5 RPL17 SF3B2 LYAR DDX18 NOP16 MRPS26 SURF6 CCDC137 DDX10 FTSJ3 GLTSCR2 MOV10 EBNA1BP2 MYBBP1A TSR1 GZF1 GLYR1 NOP56 RPS24 FYTTD1 RBM28 ZNF574 RRP8 LTV1 ZNF771 DDX27 MPHOSPH10 DDX24 DDX21 NOC2L LARP1 NKRF DHX57 BMS1 BRIX1 IGF2BP3 RPS13 
12.143038,-5.0420055,EIF3K,EIF3A EIF3L EIF3H EIF3F EIF3CL EIF3G EIF3D EIF3E EIF3C PRRC2B 
10.622906,-4.3723593,CSNK2A2,CSNK2B GPATCH2 FBRSL1 GPATCH2L VSX1 NKAP 
-6.1995215,6.7065606,MED8,MED1 CDK19 MED4 MED9 MED13L MED28 MED27 MED6 MED7 MED29 MED24 MED23 CDK8 MED25 MED20 MED22 MED21 CCNC MED17 MED16 MED19 MED12L MED18 MED13 MED12 MED15 MED14 MED31 MED30 MED11 MED10 
25.831308,-2.6384377,EPB41L1,GNG2 RAB3A MAPT DPYSL3 CAMK2A VSNL1 HIST1H2BL NCALD STX1B SYN1 SNCB 
8.278051,-7.6196103,PSMD13,PSMD12 PSMD14 PSMC3 PSMD4 UCHL5 PAAF1 
16.412512,-17.614355,PSMF1,PSMB9 PSMB7 PSMA6 PSMA7 PSMB5 PSMA5 PSMB3 PSMA3 PSMB1 PSME4 PSMB2 PSMA1 PSME2 FBXO7 PSMG2 
11.886998,-4.864677,CCNH,CDK7 ERCC5 ERCC2 MNAT1 GTF2H5 
-1.7094525,-7.7529664,SMARCD2,SS18 TBL1XR1 SMARCD3 BCL7B ACTL6A SMARCE1 DPF2 ARID1A SMARCA2 BRD7 SMARCA4 
10.54886,-1.5323957,XAB2,AQR SF3A2 SF3A3 DHX8 DDX23 EFTUD2 PRPF8 RAB43 PRPF19 DHX35 DHX15 PRPF31 CCDC12 SF3A1 ZNF830 PPIE 
8.275015,-6.22476,ZNF24,ZBED9 ZNF174 ZSCAN32 SCAND1 ZNF446 PGBD1 
-0.18483864,3.3536716,ATP5F1,ATP5L ATP5C1 ATP5J ATP5I ATP5O 
-1.6540397,-7.6861634,SMARCD3,TBL1XR1 BCL7B SMARCE1 ARID1A SMARCA2 SMARCA4 
16.299255,-17.499199,PSMB4,CDK18 AKIRIN2 CEP120 PSMB9 PSMA8 PSMB10 PSMA7 PSMB3 PSME4 PSME2 PSMF1 FBXO7 PSMG2 PSME1 
2.8801756,-15.384535,MRPS2,DAP3 MRPS27 MRPS28 MRPS14 MRPS25 MRPS26 MRPS23 MRPS35 MRPS21 MRPS18B MRPS22 MRPS33 MRPS7 MRPS9 
8.719298,6.472188,MYEF2,RBM28 ZNF771 DDX27 CCDC137 ZC3HAV1 PAPD5 REXO4 RPF2 DHX30 HERC5 EBNA1BP2 MYBBP1A DKC1 PES1 FYTTD1 
10.224707,-5.4156485,GUSB,NID1 NAGLU FUT11 EDEM3 MEGF8 PCSK6 UGGT2 FOXRED2 SGSH SIAE 
12.404078,-5.090947,GPN1,POLR3D POLR1C POLR2E POLR2F POLR2G RPAP2 
0.09834964,2.7983088,BTF3,RPS8 RPL21 RPS9 RPL23A RPS3A CANX RPS20 RPS25 RPL6 RPL30 HSP90AB1 RPL10 RPL13 RPLP2 RPL34 RPL12 DLST ATP5A1 YBX1 HNRNPU RPL10A ATP5O RPL7 G3BP1 G3BP2 RPL14 RPS5 RPL39 RPS3 RPS15A RPS27A 
8.394279,-7.5291505,PSMD1,PSMD13 PSMD7 PSMD12 PSMD14 PSMD3 PSMC2 PSMD4 PSMC3 PSMD2 PSMC1 UCHL5 PAAF1 
8.3142395,6.0401893,EBNA1BP2,RPL3 RPL30 RPL11 STAU2 RPS9 RPL21 RPLP2 MPHOSPH10 PAPD5 LARP7 RPF2 DHX30 MYBBP1A DKC1 RPL27A PES1 RPS15A LYAR NOP56 FYTTD1 
16.094486,-6.355607,GSTO1,PARK7 ENO1 ENO3 TKT GPI 
2.8580415,-15.403387,MRPS22,RBM28 DHX30 DAP3 DDX27 MYBBP1A EBNA1BP2 MRPS35 MRPS21 DDX21 MRPS33 MRPS7 
0.91304034,16.99231,GADD45GIP1,MRPL28 MRPL48 MRPS18A MRPL27 MRPL24 MRPL46 MRPL47 MRPL22 MRPL10 MRPL32 MRPL51 MRPL30 MRPL50 MRPL19 MRPL17 MRPL39 MRPL18 MRPL37 MRPL38 MRPL16 MRPL13 MRPL57 MRPL35 MRPL14 MRPL55 MRPL33 MRPL11 MRPL34 MRPL12 MRPL20 MRPL43 MRPL21 MRPL4 MRPL40 MRPL3 MRPL2 MRPL41 ICT1 MRPL9 
25.89834,-2.4182425,DPYSL3,DPYSL2 HPCA MAPT VSNL1 STX1B SYN1 SNCB 
25.750475,-2.330458,L1CAM,NAPB HPCA CAMK2A NCALD ANK2 SNAP91 SYN1 MAPT DPYSL3 VSNL1 CDH13 STX1B DNM1L SNCB 
11.774287,-6.8558455,POLR2D,POLR2A POLR2B RPRD1A RPRD2 POLR2G GPN1 MYZAP RPRD1B POLR2I RPAP2 POLR2J 
8.3601055,-7.372679,NFRKB,INO80C INO80E ACTR5 INO80 UCHL5 
8.810992,-7.180853,PSMC5,PSMD10 PSMD13 PSMD12 PSMD14 PSMD9 PSMC6 PSMD7 PSMD5 PSMC2 PSMD3 PSMC3 PSMD4 PSMD1 PSMC1 PSMD2 PAAF1 
10.305306,-5.3828845,TXNDC16,COL18A1 POGLUT1 GALNS ARSK FUT11 CERCAM SIAE 
8.882097,-5.290621,STX5,VAMP8 GOSR1 STX8 GOSR2 STX7 STX6 VTI1A STX10 SEC22B 
11.255935,-7.917391,CNOT7,CNOT6L CNOT6 CNOT2 CNOT3 RQCD1 CNOT11 TOB2 TNKS1BP1 
12.124776,-4.666058,MPPED1,MPPED2 PHKG2 PHKA2 PHKB PHKA1 NR2F6 
0.2211918,2.7967598,SLC25A5,TUFM RPS8 RPL22 RPL21 RPS9 RPS7 RPL23A RPS3A RPL27A CANX RPL27 SLC25A6 RPS25 RPL6 SLC25A4 RPL3 RPL30 RPL11 RPL10 RPLP2 RPL13 YBX1 ATP5A1 ATP5C1 RPL10A ATP5O RPL7 RPS4X RPS15 RPL14 RPL39 RPS3 RPS15A RPS27A 
8.400243,5.9632297,DKC1,DHX30 STAU2 MPHOSPH10 PES1 PAPD5 WDR36 LARP7 RPF2 NOP56 
0.96148735,17.040009,MRPL15,GADD45GIP1 MTERF3 MRPL28 MRPL48 MRPS18A MRPL27 MRPL24 MRPL46 MRPL47 MRPL22 MRPL23 MRPL53 MRPL54 MRPL10 MRPL32 MRPL51 MRPL30 MRPL52 MRPL50 MRPL19 MRPL17 MRPL39 MRPL18 MRPL37 MRPL38 MRPL16 MRPL35 MRPL13 MRPL57 MRPL14 MRPL33 MRPL55 MRPL11 MRPL34 MRPL12 NGRN MRPL20 MRPL4 MRPL21 MRPL43 MRPL3 MRPL40 MRPL41 MRPL2 MRPL9 ICT1 
15.99361,-6.235198,ENO3,FKBP2 TPI1 MPI TAGLN3 TKT 
0.54896045,3.068276,YBX1,TUFM RPS8 RPL22 RPL21 RPS9 RPS7 RPS3A RPL27A FAU HNRNPC RPS20 RPL27 RPS25 RPL26L1 RPL3 RPL30 RPL11 HSP90AB1 RPL10 RPLP2 RPL13 RPL34 HNRNPU ATP5O RPS15 G3BP1 PES1 RPS5 RPL14 RPL39 RPS3 RPS15A 
11.339158,-5.1439104,USP7,ZNF609 BCL6 TRIM27 ETV6 ACTL8 DHX40 
8.594378,6.2853537,RRS1,RBM28 ZNF771 DDX27 IMP3 MPHOSPH10 DDX21 PAPD5 MRPS22 RPF2 DHX30 EBNA1BP2 MYBBP1A DKC1 PES1 RPS5 GZF1 NOP56 FYTTD1 
-6.565813,7.249899,CDK19,MED23 MED14 MED17 MED12L MED29 
11.620415,-4.5796876,TMED10,TMED9 TMED4 TMED3 TMED2 TMED1 TICAM2 TMED5 
15.8989935,-4.440877,ARPC4,ACTR2 PLEKHG3 ACTN4 RRM1 ACTN1 MYO5A MYO5B ARPC5 COBL SORBS2 PPP1CB SSH2 ARPC3 MYO5C ARPC2 RAI14 CALM1 ARPC1A WDR1 ARPC1B ACTG1 ARPC5L TWF1 RPAP1 CORO1B CORO1C HNRNPLL ABLIM1 CFL2 CFL1 EFHD2 EIF4E 
10.168471,6.3380527,PRDM15,TOE1 LTV1 ZCRB1 RPS5 TSR1 GZF1 CHERP 
12.421904,-4.5813713,PRKAR2A,CDK5RAP2 AKAP9 PRKACB AKAP5 PRKACA CEP68 
11.721325,-4.7324195,EXOC8,EXOC5 EXOC4 EXOC6B EXOC7 EXOC6 EXOC3 EXOC2 
14.358814,-10.478365,CDC23,ANAPC13 ANAPC15 CFAP97 ANAPC10 CDC20 FZR1 GNPTAB CDC26 CDC16 CDC27 GNPTG FBXO5 ANAPC5 ANAPC7 ANAPC1 
10.93923,6.47665,DDX54,DDX31 GNL3 REXO4 GNL2 SRRM1 GTPBP4 NSA2 XRN2 DKC1 CCDC86 CEBPZ ZNF512 RPL26L1 HP1BP3 STAU1 NIP7 ZC3HAV1 ZC3H8 DHX30 ZNF629 PES1 RPL15 LYAR NOP16 SURF6 DDX56 CCDC137 DDX10 RRP1B FTSJ3 WDR12 GLTSCR2 RSL1D1 EBNA1BP2 MYBBP1A GZF1 RBM28 RRP8 ZNF771 MPHOSPH10 DDX24 DDX21 PPAN NOC2L KRI1 TTF1 NKRF BRIX1 NIFK RPS13 RBM34 
8.380926,-7.435841,PSMC4,PSMD11 USP14 PSMD10 PSMD13 PSMD12 PSMD14 ADRM1 UBE3A PSMA8 PSMD9 PSMC6 PSMD7 PSMD8 PSMD5 PSMC5 PSMD6 PSMC2 PSMD3 PSMC3 PSMD4 PSMD1 PSMC1 PSMD2 PAAF1 
12.447794,-4.940697,PDRG1,URI1 VBP1 PIH1D1 PFDN2 RPAP3 
13.434801,-9.490445,COPS6,DDB2 CUL4B CUL4A COPS2 DCAF11 RBX1 
11.893797,-6.7241235,CD3EAP,POLR1A POLR1B POLR1D POLR2F GPN3 
8.332081,6.0499344,LYAR,DHX30 STAU2 DKC1 IMP4 MPHOSPH10 PES1 PAPD5 MINA RPF2 NOP56 
9.013233,-1.057916,ZC3H11A,THOC2 THOC1 THOC6 THOC5 THOC7 
16.231258,-3.71133,GSN,MYO1C PPP1R18 MYH9 LIMA1 DBN1 
-0.2756086,3.262865,PHB,AFG3L2 ATP5B MT-CO2 CANX ATP5A1 ATP2A2 VDAC2 VDAC1 SLC25A5 ATP5O 
0.972757,17.050526,MRPL1,MRPL28 MRPS18A MRPL27 MRPL24 MRPL22 MRPL23 MRPL32 MRPL30 MRPL39 MRPL37 MRPL38 MRPL35 MRPL33 MRPL34 MRPL43 MRPL40 MRPL41 ICT1 GADD45GIP1 MTERF3 MRPL48 MRPL46 MRPL47 MRPL44 MRPL53 MRPL54 MRPL10 MRPL51 MRPL52 MRPL50 SLC25A10 MRPL19 MRPL17 MRPL18 MRPL15 MRPL16 MRPL13 MRPL57 MRPL14 MRPL55 MRPL11 MRPL12 NGRN MRPL20 MRPL4 MRPL21 MRPL3 MRPL2 MRPL9 
12.603894,-5.744439,SEPT6,ANLN CDC42EP4 SEPT2 SEPT14 SEPT5 
-0.20039158,2.2871532,EIF2S1,SND1 RPS8 RPS9 RPL24 RPS3A HADHA EEF1G CANX RPS20 RPL27 RPS23 EIF3B RPS25 RPL3 RPL11 RPLP0 RPL10 RPL35 RPL13 RPL12 HNRNPU YBX1 RPL10A RPL7 FBL TRMT112 RPS4X RPS19 G3BP1 RPL15 RPS5 RPL14 RPL36 RPS3 RPS15A ZNF622 RPS14 RPS13 
9.188503,-8.391084,CCT2,CCT6B FASN TCEA1 TXNDC9 DNAJC19 
-0.28835854,1.9159548,RACK1,SND1 RPS8 RPL22 RPL21 RPS9 RPL24 RPL23 RPS7 WIPI1 LARP4B RPS3A RPSA LARP4 EEF1A1 FAU RPL27 MPG RPL11 RPL10 RPL13 RPL12 RPL15 RPS5 RPL14 RPS3 RPS15A RPL18 RPS27A RPL23A EEF2 EIF2S1 RPL27A RPS20 RPS23 EIF3B RPS25 RPL6 RPL3 RPL30 RPLP0 RPL35 SRP14 RPL10A RPL9 RPL7 RPS4X G3BP1 G3BP2 RPL36 RPS12 RPL7A RPS14 RPS13 
10.467044,6.7840333,SRP72,UPF1 IMP4 RBM19 DDX31 URB2 GNL3 REXO4 GTPBP4 NSA2 RPL7L1 RPL26 POP1 ZNF512 RPL26L1 STAU2 RPL10 YTHDC2 DHX30 HERC5 RPL36A PES1 RPL15 RPL17 H1FX LYAR DDX18 NOP16 NO66 CCDC137 RRP1B NOC3L FTSJ3 PRRC2C GLTSCR2 MOV10 MYBBP1A SPATS2L ZCCHC3 GLYR1 NOP56 RPS24 RBM28 SRP19 RRP8 LTV1 DDX27 MPHOSPH10 DDX24 HIST2H3A; DDX21 LARP1 NKRF DHX57 BRIX1 IGF2BP3 RNMTL1 
8.336663,-6.2596903,ZSCAN30,ZNF397 ZBED9 ZNF174 ZSCAN32 SCAND1 
16.071741,-6.344574,PCMT1,C11ORF54 ENO1 YDJC TKT ALDH16A1 KLHL42 
16.045195,-3.9330661,CALML3,TMOD1 SPECC1 PPP1R12A SVIL PLEKHG3 AFAP1 MYO5A MYO5B COBL SORBS2 MYO19 LIMA1 MYO1E ST5 INF2 MYO1C MYO1B ARPC4 MYO5C PLEC SIPA1 ACTRT1 CPM RAI14 CALM1 DBN1 FLII LUZP1 NEXN ACTG1 IQGAP1 PPP1R9B SSFA2 CORO1C ZBTB20 AKAP2 ABLIM1 ARHGAP21 BASP1 MISP SYNPO SPTBN1 
0.59437096,4.058781,RPL39,RPL3 RPL30 RPL11 RPL21 RPS9 RPL27A G3BP1 FAU RPS5 RPS20 RPS15A RPL3L 
-1.6428791,-7.6883454,SMARCA2,SS18 SS18L1 BCL7B SMARCE1 ARID1A BRD7 SMARCA4 
10.571785,6.6117053,RRP12,RBM19 DDX31 GNL3 REXO4 GNL2 LARP7 GTPBP4 MRTO4 LIN28B DKC1 RPL26 CCDC86 PABPC4 POP1 ZNF512 RPL26L1 ZCCHC9 NIP7 YTHDC2 ZC3HAV1 ZC3H8 DHX30 SRP72 ZNF629 PURA PES1 RPL15 RPS5 RPL17 H1FX ZNF622 SF3B2 LYAR DDX18 NOP16 SURF6 CCDC137 DDX10 NOC3L FTSJ3 GLTSCR2 MOV10 RSL1D1 EBNA1BP2 MYBBP1A TSR1 GZF1 ZCCHC3 GLYR1 NOP56 RPS24 RBM28 LTV1 ZNF771 DDX27 DDX24 DDX21 NOC2L KRI1 RRP9 LARP1 RPS17 NKRF DHX57 BMS1 BRIX1 RIOK2 NIFK RPS13 RBM34 
10.416326,-1.658498,PLRG1,CPSF6 AQR SF3B3 SF3A2 SF3A3 ISY1 CDC5L PRPF6 XAB2 SART1 SNW1 PRPF19 SNRPD2 SNRPD1 CCDC12 SF3A1 PPIE SMNDC1 
15.990283,-4.3830643,SSH2,MYO5C CFL2 ACTN1 MYO5A ACTG1 MYO5B TWF1 SORBS2 CORO1C 
9.229412,-8.381995,CCT7,CCT6B CCT4 CCT6A PDCL3 CCT2 TCP1 TCEA1 TXNDC9 CCT5 
11.661279,-6.3829794,POLR3F,POLR3B POLR3C CRCP POLR3D POLR3G POLR3H POLR3K 
13.446147,-9.520517,COPS7A,DDB2 CUL4B CUL4A COPS6 COPS2 DCAF11 
2.8188112,-15.443242,MRPS23,DAP3 MRPS27 MRPS9 MRPS28 MRPS25 MRPS35 MRPS21 MRPS33 MRPS22 MRPS18B MRPS7 
-6.226448,6.732762,MED13L,CDK19 MED4 MED9 MED6 MED27 MED7 MED29 MED24 MED23 CDK8 MED25 MED20 MED22 MED21 CCNC MED17 MED16 MED19 MED18 MED12L MED13 MED12 MED15 MED14 MED31 MED10 
8.248068,-7.6613884,PSMC3,PSMD12 PSMD14 PSMD4 PAAF1 TPD52L1 
8.841831,-1.7910359,PRPF6,SART1 DDX5 USP39 SF3A3 PRPF31 PRPF40A CDC73 
8.641099,-2.6916854,DDX1,HNRNPM RTCB HNRNPH3 EWSR1 C14ORF166 FAM98B 
9.930466,-4.4746995,DAB2,SPECC1 STON2 MYO5A COBL SORBS2 PIK3C2A MYO1E FCHO2 BASP1 MYO6 SLC25A41 EPS15 BMP2K AP2M1 
14.353919,-10.469092,CDC26,ANAPC13 CFAP97 ANAPC15 FZR1 CDC27 CDC16 ANAPC5 ANAPC1 CDC20 
10.408061,6.7857933,POP1,UPF1 IMP3 IMP4 RBM19 DDX31 GNL3 REXO4 LARP7 GTPBP4 MRTO4 NSA2 LIN28B XRN2 DKC1 RPL7L1 RPL26 ZNF512 RPL26L1 STAU2 NIP7 YTHDC2 ZC3HAV1 ZC3H8 RPF2 DHX30 HERC5 LLPH ZNF629 PURA RPL36A PES1 RPL15 RPS5 GAR1 RPL17 RRS1 SF3B2 LYAR DDX18 NOP16 MRPS26 DDX56 CCDC137 SURF6 PAPD5 MRPS22 NOC3L MINA FTSJ3 GLTSCR2 MOV10 MYBBP1A EBNA1BP2 TSR1 NOL12 GZF1 GLYR1 ZCCHC3 NOP56 RPS24 ZNF574 RBM28 RRP8 ZNF771 DDX27 ZNF770 WHSC1 MPHOSPH10 DDX24 DDX21 TTF1 KRI1 RRP9 LARP1 NKRF DHX57 BMS1 BRIX1 IGF2BP3 MMTAG2 RPS13 
12.07773,-5.079928,NDC80,SPC24 PMF1 NUF2 CASC5 ZWINT SPC25 
7.801551,-1.3960636,SRSF3,RBM39 SRSF5 SRSF6 SRSF7 SRRM2 
16.301079,-17.501131,PSMA4,POMP PSMA8 PSMB9 PSMB8 PSMA7 PSMA5 PSMB3 PSMB1 PSME4 PSMB2 PSME2 PSMF1 PSMG2 FBXO7 PSME1 
10.705305,-6.839394,CENPQ,CENPU CENPK CENPM CENPN CENPO ITGB3BP CENPT 
9.371372,6.565972,LARP1,UPF1 NOP16 IMP3 MRPS22 MINA FTSJ3 GNL3 REXO4 LARP7 GLTSCR2 GTPBP4 MRTO4 EBNA1BP2 MYBBP1A DKC1 TSR1 GZF1 ZCCHC3 NOP56 RPL26L1 RBM28 ZNF771 DDX27 STAU2 DDX47 DDX24 ZC3HAV1 DDX21 LARP1B RRP9 RPF2 DHX30 RPS17 DHX57 RPL36A PES1 RPS5 RRS1 IGF2BP3 ZNF622 LYAR 
0.6462517,3.0536551,FBL,RPL3 RPL30 RPS8 RPL11 DDX47 HSP90AB1 RPL21 RPL10 RPLP2 RPS7 HNRNPU YBX1 NOLC1 RPS3A DDX51 RPS27 RPS4X RPS5 RPL14 RPL39 TSR1 RPL27 RPS15A SRFBP1 
10.178683,6.707303,DDX18,IMP3 IMP4 GNL1 DDX31 GNL3 REXO4 WDR36 GTPBP4 MRTO4 NSA2 LIN28B DKC1 RPL7L1 RPL26 ZNF512 RPL26L1 ZCCHC9 STAU2 NIP7 YTHDC2 NOC4L RPF2 DHX30 HERC5 PURA PES1 RPL15 GAR1 RPL17 RRS1 LYAR ABCF2 NOP16 SURF6 UTP3 DDX56 CCDC137 RRP1B NOC3L FTSJ3 GLTSCR2 MOV10 EBNA1BP2 MYBBP1A NOL10 NOL12 GLYR1 NOP56 RPS24 RBM28 DDX27 MPHOSPH10 DDX24 DDX21 LARP1 NKRF DHX57 BMS1 BRIX1 
21.78984,14.645345,MBTD1,MORF4L1 MORF4L2 VPS72 MEAF6 ACTR6 JAZF1 BRD8 
9.882008,-5.601182,SKP2,CDKN1C GMNN CDK3 CKS1B CDK2 
25.792948,-2.316692,NCALD,NAPB PPP3R1 HPCA MAPT DPYSL3 VSNL1 CDH13 SNAP91 STX1B SYN1 SNCB 
12.296026,-4.294507,ARPC5,ARPC1A ACTR2 TPPP3 ARPC3 ARPC2 ARPC1B ARPC5L 
0.402398,3.4534652,RFC2,RFC4 RFC5 RFC3 RPL10 RFC1 
8.351805,-1.9621384,CSNK2A1,CSNK2A2 CSNK2B CTR9 SUPT4H1 VSX1 PAF1 
0.33219865,3.1472452,NSUN2,SND1 MPG RPL3 RPL30 RPS8 RPL11 DDX47 RPS9 RPL10 RPL13 RPL23A RPS3A RPL7 FBL RPS4X RPL27A G3BP1 RPS5 RPL14 RPS20 RPS3 RPL27 RPS15A 
2.9422486,-15.322834,MRPS14,DAP3 MRPS27 MRPS28 MRPS25 MRPS26 MRPS23 MRPS35 MRPS21 MRPS33 MRPS22 MRPS18B MRPS7 MRPS9 
10.894273,6.179813,RPL13A,TUFM SND1 RPS8 IMP3 RPL21 RPS9 RPL24 RPL23 RPS7 KNOP1 RPSA GTPBP4 MRTO4 EEF1A1 LIN28B XRN2 DKC1 RPL7L1 MTHFD1 RPL26 FAU CCDC86 POP1 RPL27 RPL26L1 STAU1 STAU2 RPL11 NIP7 RPL13 RPL12 DHX30 HERC5 SRP72 PURA PES1 RPL15 RPL14 RPL17 RPS3 RPL18 NOP16 SURF6 DDX56 CCDC137 DDX54 DDX50 FTSJ3 EIF2S1 GLTSCR2 RPS27 RPS26 RPS29 RPL27A RPS20 NOL12 RPS23 RPS25 RSL24D1 GLYR1 RPS24 RPL6 RRP8 ZNF771 RPL31 RPL3 RPL4 RPL30 WHSC1 RPL35 RPL34 ZNF22 PPAN RPL9 TTF1 RPL7 RPL8 RPS16 LARP1 RPS15 RPS18 C7ORF50 RPS19 G3BP1 BRIX1 RPL36 RPS12 RPS11 RPS14 NAP1L1 DDX31 RPS3A GNL3 REXO4 GNL2 NSA2 RPL37A EEF1G PABPC4 CEBPZ PABPC1 ZNF512 HP1BP3 NVL YTHDC2 NOP2 ZC3HAV1 RPF2 TRMT112 LLPH RPL36A GAR1 RRS1 RPS15A RPS27A LYAR DDX18 MYEF2 MRPS26 RPL35A PAPD5 MRPS22 RPL23A RRP1B NOC3L RSL1D1 EBNA1BP2 MYBBP1A SLC25A5 NOP56 RBM28 DDX27 RPLP0 RPLP2 DDX24 YBX1 DDX21 RPL10A KRI1 RPS4X RPL18A NKRF DHX57 RRP15 IGF2BP1 RRP12 IGF2BP3 NIFK RACK1 RBM34 
-6.465918,7.0853486,MED4,CDK19 MED17 MED27 MED6 MED12L MED29 MED13 MED23 MED14 MED25 MED31 MED20 MED22 
9.28692,6.431882,GTPBP4,UPF1 NOP16 IMP3 IMP4 DDX10 PAPD5 MRPS22 FTSJ3 GNL3 REXO4 WDR36 WDR12 GLTSCR2 MRTO4 NSA2 EBNA1BP2 MYBBP1A DKC1 RPL7L1 NOL10 GZF1 NOP56 FYTTD1 RPL26L1 RBM28 ZNF771 DDX27 STAU2 MPHOSPH10 DDX24 ZC3HAV1 DDX21 RRP9 RPF2 DHX30 DHX57 RPL36A PES1 RRS1 IGF2BP3 LYAR 
21.761087,14.6166,JADE2,ING5 ING4 MEAF6 AARSD1 KAT7 
16.415754,-17.61674,PSME1,PSMB9 PSMB7 PSMA6 PSMA7 PSMA5 PSMB6 PSMB3 PSMA2 PSMB1 PSMB2 PSMA1 PSME2 PSMG2 
10.651219,-1.6534083,SNW1,AQR ISY1 DHX8 CDC5L PPM1G EFTUD2 XAB2 PRPF8 RAB43 PRPF19 SNRPD2 CLASRP CCDC12 SLU7 SF3A1 RBM25 PPIE 
8.952524,6.605245,UPF1,DDX27 STAU2 IMP3 DDX24 DDX21 GNL3 REXO4 RRP9 RPF2 DHX30 EBNA1BP2 DKC1 RPS5 RRS1 GZF1 ZCCHC3 
0.9023739,16.979864,84311,MTERF3 MRPL28 MRPL48 MRPS18A MRPL27 MRPL24 MRPL46 MRPL47 MRPL22 MRPL10 MRPL32 MRPL51 MRPL30 MRPL50 MRPL19 MRPL17 MRPL39 MRPL18 MALSU1 MRPL38 MRPL16 MRPL13 MRPL57 MRPL14 MRPL55 MRPL11 MRPL34 MRPL20 MRPL4 MRPL21 MRPL43 MRPL3 MRPL40 MRPL41 MRPL2 MRPL9 ICT1 
12.321006,-4.4446526,PPP3CC,RCAN1 RCAN3 NFATC4 NFATC1 SIK3 
12.434918,-4.6115413,ICE2,BPIFA1 ICE1 MUC5AC MPO CTSG 
12.24993,-4.439929,IPO8,BTAF1 REPIN1 ZFP1 IPO11 ZNF696 
11.367327,-5.3539186,INTS4,INTS12 AHCTF1 INTS6 INTS5 CPSF3L 
0.42649338,3.2256055,RRBP1,RPL3 RPL30 RPS8 RPL11 USP10 RPS9 RPL10 RPL13 RPS3A RPS4X RPS17 RPS5 RPL14 RPS20 RPS3 RPS15A RPS25 
-0.8595058,1.7985808,RPS16,SSB TUFM SND1 SUPT16H RPS8 RPL22 DIMT1 RPL21 RPS9 RPS6 RPL24 EIF1AX RPL23 RPS7 RPSA EEF1A1 MTHFD1 RPL26 FAU RPL22L1 RPL27 RPL26L1 RPL11 RPL10 RPL13 RPL12 HNRNPU ATP5A1 NOLC1 RRBP1 FBL RPL36AL PES1 RPL15 RPS5 RPL14 RPS3 RPL18 EEF2 EIF2S1 RPL3L RPS27 RPS26 RPL27A NCL RPS20 RPS23 NOP10 RPS25 RPL6 RPL31 RPL3 RPL4 RPL30 RPL35 RPL34 ATP5C1 SRP14 RPL9 RPL7 RPL8 RPS15 RPS18 RPS17 RPS19 G3BP1 G3BP2 RPL36 RPL39 RPS12 RPS11 RPS14 RPS13 NSUN2 BTF3 NAP1L1 RPS3A RPL37A NAT10 EEF1G PABPC1 CALR SLC25A4 DDX47 HIST1H1E RPS15A HIST1H1A ZNF622 RPS27A HIST1H1B HIST1H1C HIST1H1D NOP58 NPM1 RPL35A RPL23A EBNA1BP2 HADHA CANX TSR1 SLC25A6 SLC25A5 EIF3B RPLP0 HSP90AB1 RPLP2 YBX1 RPL10A RPS4X RPL18A RRP15 IGF2BP1 RACK1 RPL7A 
12.224741,-4.7815523,NSL1,SPC24 PMF1 NUF2 CASC5 ZWINT SPC25 NDC80 
-0.18713911,1.9929351,RPL36,TUFM SND1 NSUN2 RPS8 RPL22 RPL21 RPS9 RPS7 NAP1L1 RPS3A RPSA EEF1A1 MTHFD1 RPL26 FAU HNRNPC PABPC1 RPL27 RPL26L1 RPL11 RPL10 RPL13 RPL12 HNRNPU NOLC1 RRBP1 NOL6 FBL RPF2 RPL36AL PES1 RPL15 RPS5 RPL14 RPS3 RPS15A RPS27A NOP58 NPM1 RPL35A RPL23A MINA EEF2 RPL3L EBNA1BP2 RPL27A RPS20 UBA52 RPS23 SLC25A6 SLC25A5 EIF3B RPS25 RPL6 RPL3 RPL30 RPLP0 HSP90AB1 RPL35 RPLP2 RPL34 SRP14 RPL10A RPL7 RPS4X RPS15 G3BP1 RPL37 IGF2BP1 RPL39 RPS12 RPL7A RPS14 RPS13 
25.733284,-2.34696,DCLK1,HPCA MAPT DPYSL3 CAMK2A VSNL1 CDH13 SNAP91 L1CAM 
15.707823,-6.213574,ABAT,QDPR FH HSPE1 SOD1 PGM1 
9.460827,6.3744917,MRTO4,NOP16 PAPD5 MINA FTSJ3 GNL3 WDR36 REXO4 WDR12 GLTSCR2 NSA2 EBNA1BP2 MYBBP1A DKC1 NOL10 TSR1 NOP56 RBM28 DDX27 AVEN STAU2 MPHOSPH10 DDX24 ZC3HAV1 DDX21 SDAD1 RPF2 DHX30 PES1 RPS5 RRS1 IGF2BP3 
9.530562,-1.7317564,SNRPA1,SF3A2 SNRPN DDX17 SF3A3 CDC5L PRPF40A EIF2S2 PRPF6 GPATCH11 PHF5A KPNB1 SNW1 PRPF8 PRPF19 PRPF31 SNRPF SF3A1 RBM25 SF3B5 SF3B6 SLC4A1AP SF3B3 SRRT DDX23 HTATSF1 EFTUD2 SART1 SNRPD2 SNRPD1 DHX15 SNRPB2 SF3B2 SMNDC1 
15.737316,-6.2520547,PGM5,HINT1 FH FABP5 OXCT1 DBI PDCD6IP HSPE1 SOD1 
15.680252,-6.1371374,FABP7,HINT1 GOT2 TAGLN TALDO1 TAGLN2 TAGLN3 GLRX PDCD6IP 
-0.12845503,15.649774,MRPL52,MRPL53 MRPL21 ICT1 MRPL28 MRPL38 
12.325559,-4.431155,BBOX1,RTFDC1 TBK1 CASP2 TANK AZI2 
0.12504266,2.2454894,RPLP0,TUFM BTF3 SND1 RPS8 RPL22 RPS9 RPL21 RPS7 NAP1L1 RPS3A EEF1A1 EEF1G MTHFD1 RPL26 FAU HNRNPC RPL27 RPL11 RPL10 RPL13 RPL12 ATP5A1 NOLC1 HNRNPU FBL RPF2 PES1 MTHFD1L RPS5 RPL14 RPS3 RPS15A HIST1H1B RPS27A RPL35A RPL23A MINA SRPK2 RPS27 EBNA1BP2 RPL27A TSR1 RPS20 SLC25A5 RPS25 RPL6 RPL3 RPL30 HSP90AB1 RPLP2 RPL34 YBX1 RPL10A SRP14 RPL7 RPS4X RPS15 G3BP1 IGF2BP1 RPL39 RPS14 
0.61875993,4.1819324,RPL11,TUFM RPL3 DDX47 RPS9 RPL21 MINA RPF2 RPL27A G3BP1 PES1 FAU RPS5 RPS3 RPS15A 
12.081565,-4.3802,AP1S2,AFTPH HEATR5B AP1G2 SYNRG AP1AR AP1M2 
0.9071331,16.984615,MRPL23,GADD45GIP1 MTERF3 MRPL28 MRPL48 MRPS18A MRPL27 MRPL46 MRPL24 MRPL47 MRPL22 MRPL32 MRPL10 MRPL54 MRPL51 MRPL30 WBSCR16 MRPL50 MRPL19 MRPL39 MRPL17 MRPL18 MRPL37 MALSU1 MRPL38 MRPL16 MRPL57 MRPL35 MRPL13 MRPL14 MRPL11 MRPL55 MRPL34 MRPL12 MRPL20 MRPL43 MRPL4 MRPL21 MRPL40 MRPL3 MRPL2 MRPL41 ICT1 MRPL9 
0.31120434,16.34297,MRPL35,MRPL28 MRPL48 MRPS18A MRPL24 MRPL47 MRPL22 MRPL53 MRPL54 MRPL10 MRPL32 MRPL30 MRPL52 MRPL50 MRPL19 MRPL38 MRPL13 MRPL14 MRPL55 MRPL34 MRPL12 MRPL4 MRPL21 MRPL43 MRPL3 MRPL2 MRPL9 ICT1 
-0.55377376,2.2090101,CALR,TUFM RPS8 RPL21 RPS9 RPL23 NACA2 RPS3A CANX P4HB CALU HNRNPC RPL27 INHA RPL6 RPL31 RPL3 RPL35 RPLP2 YBX1 ENO3 RPL7 RPL18A RPL15 RPS15A RPL18 
12.385544,-4.6870947,DYNLL1,ZMYM4 HMMR TLK2 GLCCI1 FAM83D 
12.138985,-4.8409524,ABI1,SYAP1 CYFIP2 CYFIP1 KIAA1522 NCKAP1 NHS WASF1 WASF2 BAIAP2 
0.63136834,3.3231862,RPS7,SND1 RPS8 RPL21 RPS9 RPS3A RPS27 EBNA1BP2 RPL27A MTHFD1 FAU TSR1 RPS20 RPS25 RPL3 RPL30 RPL11 RPL10 RPLP2 RPL13 HNRNPU RPF2 RPS4X RPS15 G3BP1 PES1 RPS5 RPL14 RPL39 RPS3 RPS15A RPS27A 
7.9306054,12.50403,NUP107,GLE1 TMEM214 SUMO1 NUP43 NUP35 NUP153 NUP210 NUP133 
-6.525075,7.2090063,MED20,MED13 CDK19 MED23 MED14 MED25 MED17 MED27 MED12L MED29 
0.9889811,17.066494,MRPL44,GADD45GIP1 MTERF3 MRPL28 MRPL48 MRPS18A MRPL27 MRPL24 MRPL46 MRPL47 MRPL22 MRPL23 MRPL53 MRPL54 MRPL10 MRPL32 MRPL51 MRPL30 MRPL50 MRPL19 MRPL17 MRPL39 MRPL18 MRPL15 MRPL37 MRPL38 MRPL16 MRPL35 MRPL13 MRPL57 MRPL14 MRPL55 MRPL11 MRPL34 MRPL12 NGRN MRPL20 MRPL4 MRPL21 MRPL43 MRPL3 MRPL40 MRPL41 MRPL2 MRPL9 ICT1 
8.288126,6.0928903,MYBBP1A,ZCCHC9 STAU2 IMP4 MPHOSPH10 PAPD5 MINA LARP7 RPF2 DHX30 RPS17 DKC1 PES1 RPS5 LYAR NOP56 FYTTD1 
-0.17700507,2.5343294,GRWD1,EIF5 RPL11 HADHA NOLC1 RPS5 RPS3 RPL10A ZNF622 RPL7 FBL 
9.029318,-1.0762743,THOC3,DDX39B POLDIP3 ZC3H11A THOC2 THOC1 THOC6 THOC5 THOC7 
14.430814,-10.406513,NEK2,CDC23 ANAPC15 ANAPC16 CDC26 CDC16 ANAPC10 ANAPC2 
10.70324,-6.8360376,CENPK,CENPU CENPH CENPM CENPN CENPO ITGB3BP CENPT 
12.291234,-4.6670985,NUFIP1,SNAP25 GRIA2 ZNHIT3 NDRG4 HPCA CADM2 PDE2A TRIM2 NCALD HPCAL4 SNCB 
16.346354,-17.546503,PSMA6,PSMB3 PSME4 PSME2 FBXO7 PSMG2 PSMB9 PSMB10 
28.380875,-1.3333837,VPS29,COMMD9 SNX2 TBC1D5 SNX1 COMMD10 COMMD3 COMMD4 VPS26B COMMD2 COMMD5 
0.5175889,16.577118,MRPL51,MRPL28 MRPL48 MRPS18A MRPL27 MRPL24 MRPL47 MRPL22 MRPL53 MRPL54 MRPL10 MRPL32 MRPL30 MRPL50 MRPL19 MRPL38 MRPL35 MRPL13 MRPL57 MRPL14 MRPL33 MRPL55 MRPL11 MRPL34 MRPL12 MRPL4 MRPL21 MRPL43 MRPL3 MRPL2 MRPL9 ICT1 
16.02292,-6.2729025,GAPDH,PCMT1 TPI1 PGAM2 SCP2 ENO1 ENO3 
16.137896,-3.9266355,AKAP2,MYO5C NEXN MYO5A COBL SORBS2 MISP SPTBN1 CORO1C LIMA1 PPP1CB 
9.043647,-1.1345824,THOC1,RBM15 DDX39A POLDIP3 THOC2 C19ORF47 THOC6 THOC5 THOC7 
0.30488744,2.5130787,EEF1G,MKKS RPS8 RPL21 RPS9 RPS7 RPL23A RPS3A EEF1A2 EEF1D RPL27A MTHFD1 RPL26 RPL27 RPL6 RPL3 RPL30 RPL10 NCKAP1 RPL13 YBX1 ATP5A1 NOLC1 RPL10A RPL7 RPS15 RPL36AL RPS15A RPS27A 
8.346643,-2.0173125,MAGOH,EIF4A3 RBM8A PYM1 CASC3 SRSF8 LSM4 MAGOHB 
10.973635,6.426902,PAK1IP1,UPF1 IMP3 IMP4 RBM19 RPL13A KNOP1 DDX31 GNL3 REXO4 GNL2 LARP7 GTPBP4 MRTO4 NSA2 BOP1 LIN28B DKC1 RPL7L1 RPL26 CCDC86 POP1 ZNF512 RPL26L1 HP1BP3 NVL STAU1 STAU2 NIP7 NOP2 ZC3HAV1 RPF2 AATF DHX30 HERC5 SRP72 LLPH PURA PES1 RPL15 RPL17 RRS1 DDX18 MYEF2 ABT1 NOP16 SURF6 DDX56 CCDC137 DDX54 PAPD5 RRP1B NOC3L DDX50 FTSJ3 GLTSCR2 MOV10 RSL1D1 EBNA1BP2 MYBBP1A NOL12 GZF1 RSL24D1 GLYR1 NOP56 RPS24 FYTTD1 RBM28 RRP8 ZNF771 DDX27 WHSC1 MPHOSPH10 DDX24 DDX21 ZNF22 PPAN KRI1 TTF1 RRP9 LARP1 C7ORF50 NKRF DHX57 RRP15 BRIX1 RRP12 NIFK RPS13 RBM34 
0.51009005,2.936898,UBA52,RPS8 RPLP2 RPL13 RPL34 RPS7 RPS3A RPL7 FBL RPS27 RPS4X RPS15 RPL27A PES1 RPL26 RPL37 RPS5 RPS20 RPS3 RPS15A RPS27A RPS25 RPL26L1 
9.201584,6.69358,RRP1B,RBM28 DDX27 NOP16 DDX24 DDX21 FTSJ3 GNL3 GTPBP4 DHX30 EBNA1BP2 MYBBP1A RPL7L1 LYAR 
7.680731,-1.1380285,CWC22,SRSF1 DDX46 SRSF2 RNPS1 ACIN1 SRSF7 PNN SRRM2 U2AF1L5 
11.509895,-5.0030284,FIP1L1,CPSF2 CPSF1 CPSF4 CPSF3 SYMPK 
9.247292,-1.8450462,RBM25,RBM39 CPSF6 RANBP2 SF3A3 SLC30A4 THOC2 CDC5L PRPF40B PRPF40A SRRM2 U2SURP PRPF8 PRPF19 CD2BP2 PRPF31 ACIN1 SRSF6 SRSF7 SF3A1 DDX5 SRRT DDX23 SRSF1 PSIP1 U2AF2 SNU13 EFTUD2 U2AF1L5 SART1 AKAP12 SNRPD2 SNRPD1 SF3B2 SRSF11 
0.73187107,3.1353254,RPL6,TUFM SND1 RPS8 RPL22 RPL21 RPS9 RPS7 RPS3A MTHFD1 FAU HNRNPC RPL27 RPL26L1 RPL11 RPL10 RPL13 HNRNPU NOLC1 ATP5O RPF2 RPL36AL MTHFD1L PES1 RPS5 RPL14 RPS3 RPS15A RPS27A MINA RPL3L RPS27 EBNA1BP2 RPL27A TSR1 RPS20 RPS25 RPL3 RPL30 USP10 HSP90AB1 RPLP2 RPL34 YBX1 RPS4X RPS15 G3BP1 RPL37 RPL39 IGF2BP3 
-1.7545639,-7.800948,SMARCC1,SMARCD1 SS18L1 SMARCD2 SMARCD3 SMARCC2 PBRM1 ACTL6A SMARCE1 ARID1A SMARCA2 SMARCA4 TBL1XR1 BCL7C DPF2 DPF3 GLTSCR1L BRD7 ARID2 
9.1923065,-8.379257,TUBA3E,CCT6A CCT2 TXNDC9 TUBB4A CCT5 
0.5748747,3.4855173,RPL13,TUFM SND1 RPS8 RPL21 RPS9 RPS3A RPL3L RPS27 EBNA1BP2 RPL27A FAU RPS20 RPS25 RPL3 RPL30 RPL11 DDX47 HSP90AB1 RPL10 HNRNPU ATP5C1 ATP5O RPF2 RPL36AL G3BP1 G3BP2 PES1 RPL37 RPS5 RPL14 RPL39 RPS3 RPS15A RPS27A 
0.8578782,16.936115,MRPL40,MRPL28 MRPL48 MRPS18A MRPL27 MRPL24 MRPL46 MRPL47 MRPL22 MRPL53 MRPL54 MRPL10 MRPL32 MRPL51 MRPL30 MRPL52 MRPL50 MRPL19 MRPL17 MRPL39 MRPL18 MRPL37 MRPL38 MRPL16 MRPL35 MRPL13 MRPL57 MRPL14 MRPL33 MRPL55 MRPL11 MRPL34 MRPL12 MRPL20 MRPL4 MRPL21 MRPL43 MRPL3 MRPL41 MRPL2 MRPL9 ICT1 
10.950319,6.432926,DDX50,KNOP1 DDX31 GNL3 REXO4 GNL2 SRRM1 SMARCA5 GTPBP4 MRTO4 LIN28B XRN2 RPL26 CCDC86 POP1 ZNF512 HP1BP3 NVL STAU1 STAU2 NIP7 ZC3HAV1 RPF2 DHX30 SRP72 PURA PES1 RPL15 RPS5 RPL17 RRS1 LYAR DDX18 ABT1 NOP16 SURF6 CCDC137 PAPD5 MRPS22 SRP68 RRP1B NOC3L FTSJ3 GLTSCR2 RSL1D1 EBNA1BP2 MYBBP1A TSR1 NOL12 GLYR1 RPS24 RBM28 RRP8 DDX27 WHSC1 DDX24 DDX21 PPAN KRI1 TTF1 LARP1 NKRF RRP15 BRIX1 RRP12 IGF2BP3 NIFK RPS13 RBM34 
10.618989,6.2610483,UTP23,DDX18 TOE1 ZCRB1 KRR1 CCDC137 SRP68 CHERP FTSJ3 GNL3 GNL2 GLTSCR2 GTPBP4 TSR1 POP1 GZF1 GLYR1 RPS24 HP1BP3 LTV1 DDX27 PRDM15 KRI1 AATF DHX30 RPS17 SRP72 RPL15 RPS5 RRP12 RRS1 LYAR RPS13 
-1.7380781,-7.7853656,SMARCB1,SMARCD1 SS18 SMARCC1 SMARCD2 SMARCD3 SMARCC2 ACTL6A SMARCE1 ARID1A ARID1B SMARCA2 SMARCA4 TBL1XR1 BCL7B DPF2 DPF3 BRD7 ARID2 
28.329151,-1.2806973,COMMD7,COMMD9 COMMD10 FAM45A COMMD3 COMMD4 CCDC22 COMMD1 COMMD2 CCDC93 COMMD8 VPS29 COMMD5 
10.38013,-8.056557,TUBGCP3,MZT2A NME7 TUBGCP2 TUBGCP6 TUBGCP4 MZT1 
-0.17793924,3.2351964,PDHA1,STAT5B PDHX PDHB ATP5A1 DLAT STAT5A 
9.988853,-4.5138154,AP2M1,FCHO2 CLMN KIF13A AP2B1 AP2A2 BMP2K AAK1 
8.802683,-2.8098736,HNRNPA3,SYNCRIP HNRNPK HNRNPA2B1 HNRNPH1 HNRNPH2 HNRNPH3 ZNF326 HNRNPR SAFB 
9.237006,6.3862185,BMS1,DHX30 IMP3 MPHOSPH10 CCDC137 DDX10 DDX21 RPL26 RPS5 TSR1 RRS1 GLTSCR2 
10.376642,-8.067799,TUBGCP6,MZT2A NME7 TUBGCP2 TUBGCP4 MZT1 
15.673375,-6.2663045,ENO2,HINT1 FABP5 GSTO2 TAGLN2 GAPDH 
10.613375,-1.6453714,SYF2,XAB2 AQR SNW1 ISY1 DHX8 BUD31 CDC5L CWC15 CCDC12 CRNKL1 PPIE BCAS2 
16.447456,-3.8998907,PPP1R18,PPP1CC CFL2 FBXO46 PPP1CA PPP1CB 
14.388477,-10.453676,ANAPC7,ANAPC13 ANAPC15 FZR1 CDC26 CDC16 CDC27 ANAPC5 ANAPC1 ANAPC10 
11.860977,-6.7689576,POLR2L,POLR1B POLR1D POLR2E GPN1 POLR2H 
-0.7189903,2.249155,YBX3,NOP58 BTF3 RPS8 RPL21 RPL23 RPL35A RPL23A RPS3A SRPK1 RPS20 RPL27 RPL6 RPL31 RPL3 RPLP0 RPLP2 RPL13 RPL12 ZC3H8 RPL9 FBL RPS15 RPL18A RPS19 RPL14 RPS3 RPS15A RPS12 RPS14 RPS13 
9.428121,-1.5452323,SF3B6,SF3B5 PHF5A SF3B3 SF3A2 SF3A3 DDX23 SNRPD1 CCDC97 PRPF31 SNRPB2 SF3A1 SF3B2 
-0.5620888,2.0503821,SLC25A3,SLC25A4 RPL22 HSP90AB1 RPS9 RPL35 RPL13 ATP5A1 ATP5C1 RPL10A RPL36AL RPL27A RPS5 RPL36 RPL22L1 RPS3 RPS23 SLC25A6 SLC25A5 RPL7A HIST1H1C 
7.9070234,12.529039,NXF1,GLE1 NUP205 NUP107 UBE2I TMEM214 SUMO1 NUP43 NUP35 NUP153 NUP210 NUP160 NUP37 
11.688147,-4.5670695,WDR5,RBBP5 ASH2L BOD1 BOD1L1 ATN1 FAM199X KANSL1 KDM6A 
-6.433856,7.0428424,MED15,CDK19 MED4 MED9 MED17 MED27 MED6 MED7 MED12L MED29 MED13 MED23 MED26 MED14 MED25 MED31 MED20 MED22 
14.369913,-10.469696,GNPTG,ANAPC13 ANAPC15 CFAP97 GNPTAB CDC26 CDC16 FBXO5 
11.359183,-4.5109067,RCOR1,HDAC1 GSE1 HMG20B HMG20A RCOR3 
7.943055,12.493476,TMEM209,NUP205 NUP107 UBE2I NDC1 NUP153 NUP210 NUP160 NXF1 GLE1 TMEM214 SUMO1 NUP43 NUP35 RCC1 
10.932347,6.4268475,STAU1,UPF1 IMP3 IMP4 KNOP1 DDX31 GNL3 REXO4 GNL2 LARP7 SRRM1 GTPBP4 NSA2 LIN28B XRN2 DKC1 RPL7L1 RPL26 CCDC86 CEBPZ POP1 ZNF512 RPL26L1 HP1BP3 NVL STAU2 NIP7 YTHDC2 ZC3HAV1 ZC3H8 RPF2 DHX30 HERC5 SRP72 LLPH ZNF629 PURA PES1 RPL15 GAR1 RPL17 RRS1 LYAR DDX18 MYEF2 ABT1 NOP16 MRPS26 SURF6 DDX56 CCDC137 PAPD5 RRP1B NOC3L FTSJ3 GLTSCR2 MOV10 RSL1D1 EBNA1BP2 MYBBP1A NOL12 GZF1 GLYR1 RPS24 FYTTD1 RBM28 RRP8 ZNF771 DDX27 WHSC1 MPHOSPH10 DDX24 DDX21 ZNF22 PPAN KRI1 TTF1 LARP1 C7ORF50 NKRF BRIX1 RRP12 NIFK RPS13 RBM34 
25.942644,-2.5879874,SYT1,STXBP1 CAMK2A CAMK2B HIST1H2BL CRMP1 NCALD SNAP91 DCLK1 SYN1 GNG2 DPYSL2 DPYSL5 MAPT DPYSL3 GNAO1 VSNL1 STX1B SNCB 
9.186083,-1.9090054,SNRPA,CPSF6 USP39 DHX9 EIF1 PRPF6 HNRNPM PRPF18 LSM7 DDX39B SNRPD2 DHX16 TAOK1 DTD1 
10.704561,-3.97644,AIMP1,AIMP2 YTHDF2 QARS MARS EEF1E1 
9.05755,-1.6962041,PRPF19,PRPF6 SART1 PRPF8 SF3A3 USP39 DDX17 DDX23 PRPF40A CDC73 U2SURP 
-0.9842715,1.9546331,RPL32,SND1 RPS8 RPL22 RPL21 RPS9 RPS6 RPL24 EIF1AX RPL23 EEF1A1 SERBP1 RPL26 FAU RPL27 RPL26L1 MPG RPL11 RPL10 RPL13 RPL12 HNRNPU ATP5A1 RRBP1 RPL36AL MTHFD1L PES1 RPL15 RPS5 RPL14 RPS3 RPL18 TTC37 MINA EIF2S1 RPL3L RPS27 RPS26 RPS29 RPL27A NCL RPS20 RPS23 RPS25 RPL6 RPL31 PWP1 RPL3 RPL4 RPL30 RPL35 RPL34 RPL9 RPL7 RPL8 RPS16 RPS15 RPS18 RPS19 G3BP1 RPL36 RPL39 RPS10 RPS12 RPS11 RPS14 RPS13 NAP1L4 RPL13A NAP1L1 RPS3A RPL37A NAT10 EEF1G PABPC1 SLC25A3 DDX47 RPF2 TRMT112 HIST1H1E RPS15A ZNF622 NPM1 NPM3 RPL35A RPL23A EBNA1BP2 TSR1 UBA52 SLC25A6 SLC25A5 RPLP0 YBX1 YBX3 RPL10A RPS4X RPL18A RRP15 IGF2BP1 IGF2BP3 RACK1 RPL7A RBM34 
9.696594,-1.7665896,PRPF4,SF3A2 SF3A3 CDC5L TFIP11 PRPF6 NUDT21 PRPF8 SNW1 SNRNP40 PRPF19 PRPF3 PRPF31 TUT1 SNRPA1 SNRNP200 SF3A1 CCDC84 SF3B3 SF3B4 USP39 DDX23 PQBP1 SNU13 EFTUD2 SART1 TPR SNRPD2 SNRPD1 DHX15 SF3B1 
16.122452,-4.1807857,SORBS2,ABLIM1 MYO5C NEXN MYO5A MYO5B COBL TWF1 
14.378473,-10.438281,ANAPC16,ANAPC13 CDC23 ANAPC15 FZR1 CDC26 CDC16 CDC27 ANAPC5 ANAPC7 ANAPC1 ANAPC10 CDC20 
10.073211,6.8329844,LIN28B,UPF1 IMP3 DDX31 GNL3 REXO4 LARP7 GTPBP4 MRTO4 NSA2 DKC1 RPL26 PABPC4 RPL26L1 STAU2 ZC3HAV1 RPF2 DHX30 LLPH RPS5 RPL17 RRS1 SF3B2 LYAR NOP16 MRPS26 SURF6 CCDC137 PAPD5 FTSJ3 GLTSCR2 MOV10 EBNA1BP2 MYBBP1A GZF1 ZCCHC3 RPS24 RBM28 ZNF574 RRP8 ZNF771 DDX27 WHSC1 MPHOSPH10 DDX24 DDX21 RRP9 LARP1 BMS1 BRIX1 IGF2BP3 MMTAG2 RPS13 
-0.0074264654,15.903815,MRPL50,TRUB2 MTERF3 MRPL19 MRPL28 MRPL48 MRPL38 MRPL13 MRPL47 MRPL34 MRPL12 MRPL53 MRPL4 MRPL54 MRPL32 MRPL21 MRPL43 MRPL3 MRPL52 MRPL9 ICT1 TBC1D8 SLC25A10 
12.429262,-4.817862,VPS16,VPS41 TGFBRAP1 VPS33A VPS11 VPS18 
11.862269,-6.785548,POLR2B,TUBB POLR2E POLR2G RPRD1B RPAP2 TUBB2A GTF2F2 TUBB4B 
21.732185,14.58764,EP400,MORF4L1 MORF4L2 VPS72 TRRAP MEAF6 YEATS4 KAT5 ACTR6 MBTD1 EPC2 JAZF1 BRD8 
16.14632,-4.014589,AFAP1,ABLIM1 NEXN MYO5A MYH9 MYO5B COBL TWF1 SORBS2 SPTBN1 CORO1C LIMA1 AKAP2 
12.016517,-4.7474866,JUN,ATF2 FOSL2 ATF3 FOS ATF7 CREB5 
13.427961,-9.515839,COPS3,DDB2 CUL4B COPS4 CUL4A COPS6 BTBD1 COPS2 CUL2 COPS7A DCAF11 COPS8 RBX1 
11.860035,-4.9433026,GEMIN4,XPO4 DYM SAAL1 THADA GEMIN8 TNPO2 
8.821059,-2.8109496,PPWD1,HNRNPA2B1 HNRNPA1L2 EIF4H HNRNPA3 HNRNPR 
8.607399,6.2993693,NOP16,RBM28 ZNF771 DDX27 STAU2 IMP3 IMP4 MPHOSPH10 DDX21 PAPD5 MRPS22 RPF2 DHX30 EBNA1BP2 MYBBP1A DKC1 PES1 RPS5 TSR1 LYAR NOP56 
10.359079,-5.852361,ACTR1A,ACTR1B DCTN3 DCTN2 DCTN5 DCTN4 
10.924678,6.3842025,CCDC59,STAU1 STAU2 LLPH CCDC137 DDX24 KNOP1 NOL12 FTSJ3 
8.454138,-7.4452534,PSMC6,USP14 MACF1 PSMD13 PSMD12 PSMD14 PSMD9 PSMD7 PSMD8 PSMD5 PSMC2 PSMD3 PSMC3 PSMD4 PSMD1 GNPNAT1 PSMC1 PSMD2 PAAF1 
28.340725,-1.2915545,CCDC22,COMMD9 COMMD10 COMMD3 COMMD4 COMMD2 CCDC93 VPS29 COMMD5 
0.030272674,15.963613,MRPL10,MRPL19 MRPL28 MRPL48 MRPL38 MRPL13 MRPL47 MRPL34 MRPL12 MRPL53 MRPL4 MRPL54 MRPL32 MRPL21 MRPL43 MRPL3 MRPL52 MRPL9 ICT1 MRPL50 
11.595042,-4.879713,USO1,SLC30A6 GOLGA2 BTBD3 BLZF1 FAM83B 
7.78797,-1.0258975,CLK3,CLK2 MKRN1 SRSF1 ZC3H14 SRSF8 YWHAH SRSF9 
-0.14698644,15.621659,MRPL34,MRPL53 ICT1 MRPL28 MRPL38 MRPL47 
8.068103,12.368666,AAAS,NUP205 NUP107 UBE2I NDC1 NUP153 NUP210 NUP133 NUP160 SMPD4 NXF1 GLE1 TMEM214 NUP98 SUMO1 NUP43 NUP35 RCC1 TMEM209 NUP37 
10.712932,-6.81552,CENPH,CENPU CENPN CENPO ITGB3BP CENPT 
16.20576,-4.0421453,SPECC1,NEXN MYO5A MYH9 COBL TWF1 SORBS2 CORO1C 
-0.11695282,2.6292706,NOP10,RPS8 RPL11 RPLP0 RPL13 YBX1 RPS3A RPF2 RPS4X HADHA PES1 EEF1G RPS5 RPL14 RPS3 RPS15A RPS25 
8.337569,6.038874,RBM28,STAU2 IMP4 MPHOSPH10 PAPD5 MINA LARP7 RPF2 DHX30 EBNA1BP2 MYBBP1A DKC1 PES1 RPS5 LYAR NOP56 FYTTD1 
9.193288,-8.382353,TCP1,CCT6B CCT4 CCT6A PDCL3 CCT2 TUBA3E TCEA1 TXNDC9 CCT5 
25.908102,-2.5160096,CRMP1,CAMK2A CAMK2B NCALD SNAP91 DCLK1 SYN1 GNG2 DPYSL2 MAPT DPYSL3 GNAO1 VSNL1 STX1B SNCB 
8.297727,-7.595945,PSMD2,PSMD13 PSMD12 PSMD5 PSMD14 PSMC2 PSMD3 PSMC3 PSMD4 UCHL5 PAAF1 
11.620953,19.851093,DIS3L,EXOSC8 EXOSC7 EXOSC10 EXOSC6 EXOSC5 C1D EXOSC2 MPHOSPH6 EXOSC1 
0.6671974,3.9324908,RPS3A,TUFM SND1 RPS8 RPL21 RPS9 MINA RPS27 EBNA1BP2 RPL27A FAU TSR1 HNRNPC RPS20 RPL3 RPL30 RPL11 HSP90AB1 RPLP2 ATP5C1 RPF2 G3BP1 PES1 RPS5 RPL39 RPS3 RPS15A 
9.123271,-1.596916,CD2BP2,PRPF6 SART1 PRPF8 SF3A3 USP39 DDX23 THOC2 PRPF31 SNRPF SNRPE SF3A1 SF3B2 
8.460698,-7.450385,PSMD6,PSMD11 PSMD10 PSMD13 PSMD12 PSMD14 UCHL5 PSMD9 PSMC6 PSMD7 PSMD8 PSMD5 PSMC5 PSMC2 PSMD3 PSMC3 PSMD4 PSMD1 PSMC1 PSMD2 PAAF1 
9.222862,-8.347421,PDCL3,CCT4 CCT2 HGH1 PDCD5 PDCL TXNDC9 CCT8 
7.951617,12.497261,NUP205,SMPD4 GLE1 NUP107 TMEM214 SUMO1 NUP43 NUP35 NUP153 NUP210 NUP133 NUP88 NUP160 
8.47326,6.2042465,ZNF771,RBM28 STAU2 IMP3 PAPD5 LARP7 RPF2 DHX30 EBNA1BP2 MYBBP1A DKC1 PES1 RPS5 ZCCHC3 LYAR FYTTD1 
11.746107,-5.239356,TRAPPC2L,TRAPPC8 TRAPPC11 TRAPPC5 TRAPPC2B TRAPPC12 
-6.3018966,6.808136,CDK8,CDK19 MED4 MED9 CCNC MED17 MED16 MED27 MED6 MED7 MED12L MED29 MED18 MED13 MED24 MED23 MED12 MED15 MED25 MED14 MED31 MED20 MED22 MED21 
8.931043,-2.8341336,RBMX,RBM12B TAF15 NCOA5 YLPM1 ZNF326 HNRNPR APOBEC3B 
9.61449,6.749754,NIP7,MYEF2 NOP16 CCDC137 DDX56 PAPD5 RRP1B MINA FTSJ3 GNL3 REXO4 WDR12 GTPBP4 GLTSCR2 MRTO4 MOV10 NSA2 EBNA1BP2 MYBBP1A DKC1 RPL7L1 RPL26 NOP56 RPL26L1 RBM28 ZNF771 RRP8 DDX27 STAU2 DDX24 DDX21 ZC3HAV1 SDAD1 RRP9 RPF2 DHX30 LARP1 HERC5 LLPH DHX57 RPL36A PES1 RPS5 RRS1 LYAR 
10.378024,-8.058488,TUBGCP5,MZT2A TUBGCP2 NME7 TUBGCP3 TUBGCP6 TUBGCP4 MZT1 
12.399543,-4.9845095,EIF3L,EIF3H EIF3F EIF3CL EIF3G EIF3D EIF3C 
-0.22094718,2.0546837,RPL18,TUFM SND1 RPL22 RPS8 RPS9 RPL21 RPS7 RPS3A NAP1L1 RPSA EEF1A1 EEF1G RPL26 FAU PABPC1 RPL27 RPL26L1 RPL11 RPL10 RPL13 RPL12 HNRNPU ATP5A1 NOLC1 RRBP1 RPF2 RPL36AL PES1 RPL15 RPL14 RPS5 RPS3 RPS15A RPS27A NPM1 NOP58 RPL35A RPL23A EEF2 SRPK1 RPL3L RPS27 EBNA1BP2 RPL27A TSR1 RPS20 SLC25A6 RPS23 SLC25A5 RPS25 RPL6 RPL3 RPL30 RPLP0 RPL35 RPLP2 RPL34 YBX1 SRP14 RPL10A RPL7 RPS4X RPS15 G3BP1 RPL37 IGF2BP1 RPL36 IGF2BP3 RPS12 RPL7A RPS14 RPS13 
11.992174,-4.5734453,NEDD4L,WWOX HECW2 NEDD4 WWP1 WWP2 ITCH 
10.644364,6.0607595,NAT10,SSB NOP58 NPM1 NOP16 RPS8 RPS9 CCDC137 RPL23A RPS3A GNL3 FTSJ3 RPSA GNL2 SRPK1 RSL1D1 MYBBP1A POP1 TSR1 RPS24 HP1BP3 RPL6 RPL3 RPL10 RPL13 DDX24 HNRNPU DDX21 YBX1 PPAN ZC3H8 RPL10A RPL7 LARP1 DHX30 RPS15 RPS19 DHX57 BRIX1 RPS5 RRP12 RPL17 RPS3 RPS15A LYAR RPL7A RPS13 
7.8931527,-1.5126617,SRRM2,RBM39 PRPF8 DDX46 PPIG SRSF4 SRSF5 ACIN1 PRPF40A SRSF6 SRSF7 SRSF11 
11.845522,-6.7771683,POLR2A,POLR2E POLR2F POLR2G GPN1 RPRD1B POLR2I RPAP2 GPN3 POLR2J POLR2K 
12.367236,-4.6347613,MAGEA10,NCOA2 POU2F1 CRTC3 MAGEA9 ERI1 NRIP1 FAM216A FOXJ2 PHF8 MAGEA4 
11.646912,19.822216,EXOSC9,DIS3 DIS3L EXOSC8 EXOSC7 EXOSC10 EXOSC6 EXOSC5 C1D EXOSC4 EXOSC3 EXOSC2 MPHOSPH6 EXOSC1 
7.825306,-1.4407454,LUC7L3,RBM39 DDX46 PPIG LUC7L PRPF4B ACIN1 SRSF5 SRSF6 SRSF7 SRSF11 SRRM2 
16.32542,-17.523582,PSMB2,PSMB8 PSMB3 PSME4 PSME2 FBXO7 PSMG2 PSMB9 PSMB10 
-6.2945113,6.8081803,CCNC,CDK19 MED4 MED9 MED17 MED27 MED16 MED6 MED7 MED12L MED18 MED29 MED24 MED13 MED12 MED23 MED15 MED14 MED25 MED31 MED20 MED22 MED21 
8.245729,-6.2518725,ZKSCAN3,ZSCAN30 ZBED9 ZNF174 ZSCAN32 SCAND1 ZNF24 PGBD1 
-6.3178854,6.8299937,MED21,MED4 MED27 MED16 MED6 MED7 MED18 MED29 MED13 MED12 MED23 MED15 MED14 MED31 MED20 MED22 
28.3134,-1.2739865,VPS35,SNX2 TBC1D5 SNX1 VPS26B VPS29 
12.401471,-4.6649504,THBS3,C5ORF34 IQSEC2 FANCB THBS1 THBS4 
-1.7685003,-7.824354,BCL7A,SMARCD1 SS18L1 SMARCC1 SMARCD2 SMARCD3 SMARCC2 SMARCB1 ACTL6A SMARCE1 ARID1A ARID1B SMARCA2 SMARCA4 BCL7B BCL7C DPF2 DPF3 
25.981483,-2.5439186,DPYSL5,GNG2 DPYSL2 MAPT DPYSL3 CAMK2A VSNL1 CRMP1 
9.532098,-9.2036915,SIKE1,PPP2CB STRIP2 SLMAP MOB4 STRN STRN3 CTTNBP2NL 
7.6042066,-1.16602,ZC3H18,RBM39 SRSF1 U2AF2 SRRM1 PNN SRRM2 PUF60 CWC22 TRA2B PPIG LUC7L RNPS1 SRSF4 ACIN1 SRSF6 SRSF7 SRSF11 LUC7L3 
-1.69492,-7.741902,SMARCC2,TOP2B SMARCD1 SMARCD2 SMARCD3 PBRM1 ACTL6A SMARCE1 ARID1A SMARCA2 SMARCA4 TBL1XR1 BCL7B BCL7C DPF2 DPF3 BRD7 ARID2 
15.846888,-6.26036,SOD1,CCS CBFB TXN HSD17B14 ENO1 TAGLN3 HSPE1 
-0.577227,2.0273306,NAP1L4,NPM1 UTP15 NPM3 RPS8 RPL22 RPL21 RPS9 RPL24 RPL23 RPL23A NAP1L1 RPL27A RPL37A RPL26 RPL27 RPS23 RPL6 RPL31 RPL3 RPL30 RPLP0 RPL10 RPL35 RPLP2 RPL13 YBX1 SRP14 RPL10A RPS15 RPL18A RPL14 RPL36 RPL39 RPS15A RPL18 RPL7A HIST1H1C RPS13 
-0.098850764,15.736533,MRPL4,MTERF3 MRPL19 MRPL28 MRPL48 MRPL38 MRPL47 MRPL34 MRPL53 MRPL54 MRPL21 MRPL52 ICT1 CINP 
12.326981,-4.7827754,GFOD1,CARD10 GFOD2 RALGAPA1 RALGAPA2 FBXO9 
0.24877949,2.8457642,HADHA,RPS8 RPL11 RPL10 RPLP2 RPS7 ATP5C1 RPS3A RPL10A RPL7 PES1 RPS5 RPL14 RPS3 RPS25 
12.395263,-4.3736978,ARPC5L,ARPC1A ACTR2 ARPC3 ARPC2 ARPC1B 
12.651493,-5.781905,SEPT3,SEPT9 SEPT10 SEPT11 SEPT7 SEPT8 SEPT2 SEPT14 SEPT5 SEPT6 
10.566601,-1.5810243,ISY1,XAB2 AQR SF3A2 DHX8 PRPF19 CDC5L CCDC12 PPIE 
2.8323689,-15.428761,MRPS25,DAP3 MRPS9 MRPS28 MRPS35 MRPS21 MRPS33 MRPS22 MRPS7 
8.314356,6.074706,54865,ZCCHC9 STAU2 MPHOSPH10 PAPD5 LARP7 RPF2 DHX30 DKC1 PES1 RPS5 ZCCHC3 LYAR MMTAG2 
11.623811,19.846195,C1D,EXOSC8 EXOSC7 EXOSC10 EXOSC6 EXOSC5 EXOSC2 MPHOSPH6 EXOSC1 
0.24062376,16.221724,FASTKD2,TRUB2 MRPL4 WBSCR16 PTCD1 MTERF3 
25.64788,-2.521967,SYP,SYT1 SNAP91 DCLK1 SYN1 L1CAM ATP4A MAPT VSNL1 CDH13 AMPH STX1B STX1A NAPB GRIA2 STXBP1 GPM6B HPCA CAMK2A CRMP1 NCALD GNG2 CALB2 DPYSL3 CAMKV RAB6B SNCB 
0.18262312,3.6126711,RPL22L1,RPS27 RPS15 RPL36AL RPL3 RPL21 ATP5A1 ATP5C1 NAP1L1 
9.868264,6.8256235,SURF6,UPF1 IMP3 DDX31 GNL3 REXO4 LARP7 GTPBP4 MRTO4 NSA2 DKC1 RPL26 PABPC4 RPL26L1 STAU2 NIP7 ZC3HAV1 RPF2 DHX30 HERC5 LLPH RPL36A PES1 RPS5 RPL17 RRS1 SF3B2 LYAR MYEF2 NOP16 MRPS26 DDX56 CCDC137 PAPD5 MRPS22 RRP1B NOC3L FTSJ3 GLTSCR2 MOV10 EBNA1BP2 MYBBP1A GZF1 RPS24 FYTTD1 RBM28 RRP8 ZNF771 DDX27 ZNF770 WHSC1 MPHOSPH10 DDX24 DDX21 RRP9 LARP1 DHX57 BMS1 BRIX1 
-0.5062671,1.8410842,RPL18A,SSB TUFM SND1 RPS8 RPL22 RPL21 RPS9 RPL24 RPL23 RPS7 RPSA EEF1A1 MTHFD1 RPL26 FAU RPL27 NHP2 RPL26L1 MPG RPL11 RPL10 RPL13 RPL12 HNRNPU ATP5A1 NOLC1 RRBP1 FBL PES1 RPL15 RPS5 RPL14 RPS3 RPL18 MYH7B MINA EEF2 EIF2S1 SRPK1 RPL3L RPS27 RPL27A RPS20 RPS23 NOP10 RPS25 RPL6 RPL31 RPL3 RPL30 RPL35 SRP14 RPL9 RPL7 RPS15 RPS17 RPS19 G3BP1 RPL36 RPL39 RPS12 RPS11 RPS14 RPS13 NSUN2 BTF3 NAP1L1 RPS3A RPL37A EEF1G PABPC1 DDX47 RPF2 RPS15A ZNF622 RPS27A NOP58 NPM1 NPM3 RPL35A RPL23A EBNA1BP2 HADHA UBA52 SLC25A5 EIF3B RPLP0 HSP90AB1 RPLP2 YBX1 RPL10A RPS4X IGF2BP1 IGF2BP3 RACK1 RPL7A RBM34 
9.953024,-4.4826264,EPS15,FCHO2 STON2 BMP2K AAK1 AP2A1 PIK3C2A AP2M1 
-0.05151227,2.239189,SRPK1,NOP58 RPS8 RPL22 RPL21 RPS9 RPS7 RPL35A RPL23A SRPK2 EBNA1BP2 RPL27A RPL11 RPLP0 RPL10 RPLP2 RPL13 YBX1 NOLC1 RPL7 RPS4X RPS15 G3BP2 RPL15 RPS5 RPS3 RPS15A RPL7A RPS14 RPS13 
21.756874,14.612339,ING3,TRRAP MEAF6 ACTR6 MRGBP ZNHIT1 MORF4L1 MORF4L2 VPS72 YEATS4 KAT5 MBTD1 EPC1 EPC2 EP400 DMAP1 JAZF1 BRD8 
11.612482,19.85919,EXOSC6,EXOSC8 EXOSC7 EXOSC10 EXOSC5 EXOSC2 MPHOSPH6 EXOSC1 
28.347225,-1.2962149,COMMD10,COMMD9 COMMD3 COMMD4 COMMD2 CCDC93 
10.366889,6.6110015,RBM34,EIF5B SSB UPF1 RPS8 IMP3 RPL21 RPS9 DDX31 RPS3A GNL3 REXO4 GTPBP4 MRTO4 NSA2 LIN28B XRN2 DKC1 RPL7L1 RPL26 POP1 RPL27 ZNF512 RPL26L1 STAU2 NIP7 YTHDC2 RPL13 ZC3HAV1 RPF2 DHX30 LLPH PURA RPL36A PES1 RPL15 GAR1 RPL17 RRS1 RPL18 LYAR NOP58 MYEF2 NOP16 MRPS26 SURF6 DDX56 CCDC137 RPL35A PAPD5 MRPS22 RPL23A RRP1B NOC3L FTSJ3 GLTSCR2 MOV10 EBNA1BP2 MYBBP1A NOL12 GZF1 GLYR1 NOP56 RPS24 FYTTD1 RBM28 RPL6 RRP8 ZNF771 DDX27 RPL3 RPL30 WHSC1 RPLP2 DDX24 YBX1 DDX21 RPL10A KRI1 TTF1 RPL7 RRP9 LARP1 NKRF BRIX1 RPL36 IGF2BP3 
0.5537674,3.8592894,RPLP2,TUFM RPL3 RPL30 RPS8 RPL11 HSP90AB1 RPL21 RPS9 RPS27 RPL27A G3BP1 RPS5 RPL39 HNRNPC RPS20 RPS3 RPS15A 
0.5524763,3.8018873,NOLC1,RPL3 EBNA1BP2 RPL30 RPS8 RPS9 RPL27A PES1 RPS15A 
0.58395904,3.9613013,HSP90AB1,RPL3 RPL30 RPL11 RPL21 RPS9 RPL27A RPS20 RPS3 RPS15A 
12.109698,-4.452021,DTNBP1,BLOC1S5 BLOC1S6 SNAPIN TXLNB BLOC1S1 BLOC1S3 LAMC2 SYBU 
9.746833,6.171871,ENSG00000108270,TBL3 ESF1 NOL10 NOC2L WDR36 
8.015824,12.421298,NUP155,NUP205 RANBP2 NUP107 NUP214 NDC1 NUP210 RGPD8 NUP160 AAAS NXF1 GLE1 NUP93 TMEM214 SUMO1 NUP43 NUP85 NUP35 TMEM209 NUP88 
12.047893,-4.40104,GRAP2,USP8 GAREM1 GAB2 GAB1 PTPN23 AKAP10 
16.225243,-3.6721818,CAPZA2,GSN SVIL ACTG1 KIAA1671 KIAA1211 LIMA1 MYL12B ACTA1 MYO1C SPECC1L MYH9 LRRFIP2 RLTPR MISP 
12.205336,-4.4713364,VSIG8,LRRC15 S100A3 HEPHL1 FAM26D DSG4 
7.877423,12.555879,SMPD4,GLE1 NUP107 UBE2I TMEM214 NUP210 
0.17851563,16.160517,MRPS18A,MTERF3 MRPL28 MRPL48 MRPL47 MRPL22 MRPL53 MRPL54 MRPL10 MRPL32 MRPL30 MRPL52 WBSCR16 MRPL50 MRPL19 MRPL38 MRPL13 MRPL34 MRPL12 MRPL4 MRPL21 MRPL43 MRPL3 MRPL2 MRPL9 ICT1 
10.573404,-1.6240486,BCAS2,AQR SF3A2 ISY1 DHX8 BUD31 CDC5L EFTUD2 PDIA5 XAB2 UBL5 SNW1 PRPF19 PLRG1 CCDC12 CTNNBL1 SNRNP200 PPIE 
10.971842,6.2175035,PWP1,RPS8 IMP3 IMP4 RPS9 RPL23 KNOP1 GTPBP4 MRTO4 LIN28B XRN2 DKC1 RPL7L1 RPL26 CCDC86 POP1 RPL26L1 STAU1 RPL11 NIP7 RPL13 RPL12 DHX30 SRP72 PES1 RPL15 RPL14 RPL18 NOP16 SURF6 DDX56 CCDC137 DDX50 FTSJ3 GLTSCR2 NOL12 RPS23 RSL24D1 GLYR1 RPL6 RRP8 RPL31 RPL3 RPL4 RPL30 WHSC1 MPHOSPH10 ZNF22 PPAN RPL9 TTF1 RPL7 RRP9 RPL8 RPS16 RPS15 RPS18 C7ORF50 BRIX1 RPL36 RPL13A DDX31 RPS3A GNL3 REXO4 GNL2 RPL37A CEBPZ ZNF512 HP1BP3 NVL NOP2 PAK1IP1 ZC3HAV1 RPF2 LLPH RRS1 RPS15A LYAR DDX18 NOP58 MYEF2 DDX10 PAPD5 RPL23A SRP68 NOC3L WDR12 RSL1D1 EBNA1BP2 MYBBP1A NMNAT1 HADHA GZF1 NOP56 FYTTD1 RBM28 DDX27 RPLP0 RPLP2 DDX24 DDX21 RPL10A RPL18A NKRF RRP15 NIFK RBM34 
9.307715,-1.496788,SF3B2,SF3A2 SF3A3 DDX17 ZCRB1 CCDC137 PRPF40A CHERP FTSJ3 GNL3 LARP7 SMARCA5 U2SURP MOV10 PRPF8 MYBBP1A PRPF19 PRPF31 GZF1 SF3A1 ZCCHC3 SF3B5 RRP8 ZNF771 DDX23 DDX21 CDC73 LARP1 RPS5 SNRPB2 MMTAG2 
25.978745,-2.5786328,STXBP1,CAMK2A CRMP1 NCALD SNAP91 SYN1 GNG2 DPYSL2 MAPT DPYSL3 VSNL1 ILKAP STX1B SNCB 
8.901607,-5.261168,STX7,BET1 STX16 STXBP5 VTI1B STX6 PTTG1IP STX10 NAPG VAMP4 
8.797433,-2.8364809,ACLY,HNRNPK HNRNPA2B1 HNRNPH1 HNRNPF HNRNPA3 
10.563571,-1.6237822,CWC15,XAB2 AQR SNW1 ISY1 CDC5L CCDC12 PPIE 
15.779735,-5.8737574,LDHAL6B,MDH2 ARF1 AK2 UPP1 ATOX1 
-0.48184776,1.9266691,ENSG00000184779,RPLP0 EEF1G HIST1H1E FAU RPL23A RPS15A RPS23 HIST1H1D 
11.970785,-5.733927,KAT2A,ZZZ3 TADA2A KAT2B TADA3 YEATS2 SGF29 CSRP2BP MBIP 
6.788203,-5.032253,HDAC2,HDAC1 MBD2 GATAD2A CDK2AP1 CHD4 GATAD2B 
-0.2136351,2.202408,RPS19,SSB SND1 NSUN2 BTF3 RPS8 RPL22 DIMT1 RPL21 RPS9 RPL24 RPS7 RPS3A RPSA MTHFD1 EEF1G RPL26 HNRNPC RPL27 MPG RPL11 DDX47 RPL10 RPL13 RPL12 HNRNPU RRBP1 NOL6 FBL RPF2 MTHFD1L PES1 RPL15 RPS5 RPL14 RPS3 RPS15A ZNF622 RPL18 RPS27A MYH7B NPM1 NPM3 RPL35A RPL23A MINA SRPK1 RPS27 EBNA1BP2 RPL27A HADHA RPS21 TSR1 RPS20 UBA52 RPS23 SLC25A6 SLC25A5 EIF3B RPS25 RPL6 RPL3 RPL30 RPLP0 RPL35 RPLP2 YBX1 RPL10A RPL9 RPL7 RPS4X RPS15 RPS17 G3BP1 G3BP2 RPL36 RPL39 RPS12 RPL7A RPS14 RPS13 
0.4781177,2.928339,SUPT16H,RPS4X RPS15 RPL3 RPL18A RPL11 RPL21 RPL27A RPL35 RPL13 PES1 RPL14 RPL7 
15.767893,-6.304109,PMP2,HINT1 FH TAGLN2 ENO1 DBI PDCD6IP 
9.404029,-1.8406844,NUDT21,CPSF6 RBM15 SF3A2 SF3A3 LRRC47 DDX17 CPSF7 THOC2 CDC5L P3H1 U2SURP PRPF6 PRPF18 PRPF8 CD2BP2 TAOK1 SNRPA1 SF3A1 MTPN SF3B6 SF3B3 RBM26 SF3B4 USP39 SRRT SNRPD2 SNRPD1 SF3B2 SMNDC1 
-0.18719932,2.0243776,RPL24,TUFM SND1 NSUN2 BTF3 RPS8 RPL22 RPL21 RPS9 RPS7 NAP1L1 RPS3A RPSA EEF1A1 MTHFD1 RPL26 FAU RPL27 MPG RPL11 DDX47 RPL10 RPL13 RPL12 HNRNPU ATP5A1 RRBP1 NOL6 RPF2 RPL36AL PES1 RPL15 RPS5 RPL14 RPS3 RPS15A ZNF622 RPL18 RPS27A HIST1H1B NPM1 NPM3 RPL35A RPL23A EEF2 RPL3L RPS27 EBNA1BP2 RPL27A TSR1 RPS20 UBA52 RPS23 SLC25A6 NOP10 SLC25A5 RPS25 RPL6 RPL3 RPL30 RPLP0 RPL35 RPLP2 RPL34 YBX1 SRP14 RPL10A RPL7 RPS4X RPS15 G3BP1 RPL37 RPL36 RPL39 RPS12 RPL7A RPS14 RPS13 
12.073774,-4.780627,VPS28,TSG101 UBAP1 MVB12A VPS37B VPS37C VPS37A 
7.996863,-1.5952753,SRSF4,RBM39 PRPF8 DDX46 PRPF4B SRSF5 PRPF40A SRSF6 CDC73 SRSF11 
8.038233,12.393469,SUMO2,NXF1 UBE2I TMEM214 SUMO1 RCC1 AAAS 
8.814824,-1.6383868,PRPF8,RBM39 PRPF6 SART1 SF3A3 PRPF31 PRPF40A SRSF6 SRSF11 
0.51942635,3.5138345,RPS27A,RPL3 RPL30 RPS8 RPL11 RPL21 RPS9 RPL10 RPLP2 RPS3A RPL36AL RPL27A RPL37 FAU RPS5 RPL14 RPL39 RPS20 RPS3 RPS15A 
-1.7045635,-7.7510543,ARID2,SMARCD1 SMARCD2 PBRM1 ACTL6A SMARCE1 ARID1A SMARCA2 SMARCA4 BCL7B DPF1 DPF3 BRD9 BRD7 
-1.7489228,-7.7852836,DPF3,SS18L1 SMARCD2 SMARCD3 BCL7B ACTL6A SMARCE1 ARID1A SMARCA2 BRD7 SMARCA4 
21.737806,14.593267,DMAP1,TRRAP MEAF6 SRCAP ACTR6 ZNHIT1 MORF4L1 MORF4L2 VPS72 YEATS4 KAT5 MBTD1 EPC1 EPC2 EP400 JAZF1 BRD8 
8.017772,12.42936,RGPD8,NUP205 NUP107 CDCA2 NDC1 NUP153 NUP210 NUP160 RANGAP1 AAAS SMPD4 NXF1 GLE1 NUP50 TMEM214 NUP98 SUMO1 NUP43 NUP85 NUP35 TMEM209 NUPL2 
9.040224,-1.9120708,SRRT,RBM39 IK SF3A3 DDX17 MBD3 PRPF40A EIF2S2 WBP11 SRRM2 HNRNPM PRPF8 PRPF19 CD2BP2 SRSF4 CDK12 ACIN1 SRSF5 SRSF6 SRSF7 SF3A1 TCERG1 USP39 DDX5 DHX9 DDX23 SRSF1 DDX46 CDC73 EFTUD2 SNRPD1 DHX15 SF3B2 SRSF11 
11.751022,-5.0846953,ANKRD44,PPP6C NOTCH3 NOTCH1 NOTCH2 ANKRD28 PPP6R1 PPP6R3 
9.549662,6.595725,HERC5,RBM28 ZNF771 DDX27 NOP16 STAU2 IMP3 CCDC137 DDX24 DDX21 FTSJ3 GNL3 GTPBP4 MRTO4 DHX30 LARP1 MYBBP1A RPL36A RPL26 RPS5 LYAR NOP56 
-0.07509398,2.0885637,RPL7A,TUFM SND1 NSUN2 RPS8 RPL22 RPL21 RPS9 RPS7 NAP1L1 RPS3A RPSA EEF1A1 MTHFD1 EEF1G FAU RPL27 MPG RPL11 DDX47 RPL10 RPL13 RPL12 HNRNPU NOLC1 RRBP1 RPL36AL HIST1H1E RPS5 RPL14 RPS3 RPS15A ZNF622 RPS27A HIST1H1B NPM1 NPM3 RPL35A RPL23A MINA EEF2 SRPK2 RPL3L RPS27 RPL27A GRWD1 CANX TSR1 RPS20 SLC25A6 SLC25A5 RPS25 RPL6 RPL3 RPL30 RPLP0 HSP90AB1 RPL35 RPLP2 RPL34 YBX1 ATP5C1 SRP14 RPL10A RPL7 RPS4X RPS15 RPS17 G3BP1 RPL37 IGF2BP1 RPL39 RPS14 RPS13 
-0.17141809,15.603629,MRPL48,ICT1 MRPL28 MRPL38 MRPL47 MRPL34 
8.832447,6.3253355,UTP3,IMP3 MPHOSPH10 NGDN RPF2 GTPBP4 
7.9012446,12.517356,TMEM214,GLE1 UBE2I SUMO1 NUP35 NUP210 NUP133 
0.10858343,16.072922,MRPL30,MTERF3 MRPL19 MRPL28 MRPL48 MRPL38 MRPL13 MRPL47 MRPL22 MRPL34 MRPL12 MRPL53 MRPL4 MRPL54 MRPL10 MRPL32 MRPL21 MRPL43 MRPL3 MRPL9 ICT1 MRPL50 
9.194616,-1.7188096,EFTUD2,RBM39 AQR SF3A3 DDX17 THOC2 PRPF40A EIF2S2 WBP11 SRRM2 U2SURP PRPF6 PRPF8 PRPF19 CD2BP2 PRPF31 SRSF4 ACIN1 SRSF6 SRSF7 SF3A1 DDX23 PSIP1 CDC73 SART1 SNRPD1 SF3B2 SRSF11 
-1.7495538,-7.7968674,ARID1B,SMARCD1 SS18L1 SMARCC1 SMARCD2 SMARCD3 SMARCC2 PBRM1 ACTL6A SMARCE1 ARID1A SMARCA2 SMARCA4 BCL7B BCL7C DPF2 DPF3 BRD7 ARID2 
9.4343815,6.708431,LLPH,MYEF2 UPF1 NOP16 IMP3 DDX56 CCDC137 PAPD5 MRPS22 FTSJ3 GNL3 REXO4 GLTSCR2 GTPBP4 NSA2 EBNA1BP2 MYBBP1A DKC1 RPL7L1 RPL26 GZF1 ZCCHC3 FYTTD1 RBM28 ZNF771 DDX27 STAU2 MPHOSPH10 DDX24 ZC3HAV1 DDX21 RRP9 RPF2 DHX30 LARP1 HERC5 RPL36A PES1 RPS5 RRS1 
7.9223,12.50506,NUP50,RNGTT KLHL7 KIFC1 NUP153 WDHD1 KPNA2 RANGAP1 
7.935579,12.494584,NUP153,GLE1 TMEM214 SUMO1 KIFC1 NUP35 NUP210 RANGAP1 
16.38169,-17.582438,PSMA8,PSMB9 PSMB7 PSMA6 PSMB5 PSMA5 PSMB6 PSMA2 PSMC5 PSMA3 PSMB1 PSMC2 PSMC3 PSMB2 PSMA1 PSMD1 PSMC1 PSMD2 
11.848907,-6.0070353,TAF5,TBP TAF8 AK6 TAF4 TAF9B TAF2 
10.655168,-4.9019103,PHC2,RNF2 PHC3 CBX7 CBX4 RING1 
0.3526399,16.38937,MRPL33,MRPS18A MRPL35 MRPL13 MRPL47 MRPL14 MRPL34 MRPL12 MRPL53 MRPL4 MRPL54 MRPL10 MRPL32 MRPL21 MRPL43 MRPL30 MRPL2 MRPL9 MRPL50 
7.955499,12.476982,NUP43,GLE1 TMEM214 SUMO1 NUP35 NUP153 NUP210 NUP133 
-1.105214,2.127773,RPL10L,RPS8 RPL21 RPS9 RPL24 RPL23 RPS7 RPS3A RPSA RPL37A MTHFD1 RPL11 RPL13 RPL12 RPL15 RPL14 RPS3 RPL19 RPL18 NOP58 RPL23A SRPK1 RPS26 EBNA1BP2 RPL27A RPS23 SLC25A6 SLC25A5 RPL6 RPL31 RPL3 RPL4 RPL30 RPLP0 HSP90AB1 RPL32 RPL35 RPLP2 RPLP1 RPL10A RPL9 RPL7 RPL8 RPS16 EEF1B2 RPS4X RPS15 RPS18 RPL18A RPS19 RPL36 RPS10 RACK1 RPL7A RPS14 RPS13 
9.171748,-1.9623495,SNRPD2,IK SF3A2 SF3A3 DDX17 THOC2 SSRP1 PRPF40A EIF2S2 WBP11 U2SURP PRPF6 HNRNPM KPNB1 PRPF8 SMU1 PRPF19 MSH6 CD2BP2 PRPF31 SNRPF CDK12 SRSF5 SNRPE SF3A1 RAN DDX3X TCERG1 USP39 DDX5 DHX9 SRRT DDX23 PSIP1 CHD4 CDC73 EFTUD2 U2AF1L5 SART1 SNRPD1 DHX15 SNRPB2 SF3B2 SRSF11 
9.739655,-1.8138511,SNRNP40,AQR RANBP2 CDC5L WBP11 PRPF6 XAB2 NUDT21 PRPF8 SNW1 PRPF19 PRPF3 CD2BP2 PRPF31 CDK12 SNRNP200 SNRPB USP39 DDX23 PQBP1 SNU13 EFTUD2 SART1 PLRG1 SNRPD1 SNRPB2 TXNL4A SMNDC1 BCAS2 
13.42705,-9.504574,COPS7B,COPS5 COPS4 COPS6 COPS3 COPS2 COPS7A COPS8 
8.269778,-7.6200657,PSMC2,PSMD13 PSMD12 PSMD5 PSMD14 PSMC3 PSMD4 UCHL5 PAAF1 
9.002924,-2.452433,KHDRBS1,DDX5 DHX9 SNRPD2 DHX15 ZNF326 SAFB 
-0.775349,1.8999459,RPS18,SSB TUFM SND1 RPS8 RPL22 RPL21 RPS9 RPL24 RPL23 RPS7 RPSA EEF1A1 MTHFD1 RPL26 FAU RPL27 RPL26L1 MPG RPL11 RPL10 RPL13 RPL12 HNRNPU ATP5A1 NOLC1 RRBP1 NOL6 RPL36AL RPL15 RPS5 RPL14 RPS3 RPL18 MYH7B MINA EEF2 EIF2S1 RPL3L RPS27 RPS26 RPS29 RPL27A RPS21 RPS20 RPS23 RPS25 RPL6 RPL31 RPL3 RPL4 RPL30 RPL35 RPL34 ATP5C1 SRP14 RPL9 RPL7 RPL8 RPS15 RPS17 RPS19 G3BP1 RPL37 RPL36 RPL39 RPS12 RPS11 RPS14 RPS13 NSUN2 BTF3 NAP1L4 NAP1L1 RPS3A RPL37A NAT10 EEF1G DDX47 TRMT112 RPS15A ZNF622 RPS27A HIST1H1B NPM1 RPL35A RPL23A EBNA1BP2 TSR1 SLC25A6 SLC25A5 EIF3B RPLP0 HSP90AB1 RPLP2 YBX1 RPL10A RPS4X RPL18A RRP15 IGF2BP1 RACK1 RPL7A 
11.25561,-7.9261827,RQCD1,CNOT6L CNOT6 CNOT3 CNOT11 TNKS1BP1 
0.31474182,2.5396142,PABPC1,SSB RPS8 RPL21 RPS9 RPS3A RPSA SRPK1 EBNA1BP2 RPL27A HNRNPC RPL27 RPL6 RPL3 RPL30 RPL11 RPLP0 HSP90AB1 RPLP2 RPL13 YBX1 RPL10A RPL7 RPS4X RPL15 RPL14 RPL39 IGF2BP3 RPS3 RPS15A RPS14 
10.282522,-5.9160995,DCTN1,DCTN6 ACTR1B DCTN3 DCTN2 DCTN5 DCTN4 ACTR10 ACTR1A 
-1.1203353,2.079346,RPL38,RPS8 RPL22 RPL21 RPS9 RPS6 RPL24 EIF1AX RPL23 RPS7 RPL13A PA2G4 RPS3A RPSA RPL37A RPL26 FAU RPL27 RPL11 RPL10 RPL13 RPL12 RPL36AL PES1 RPL15 RPS5 RPL14 RPS3 RPL19 RPS15A RPL18 RPS27A HIST1H1C NPM1 RPL23A SRPK1 RPS27 RPS26 RPS29 RPL27A RPS20 RPS23 RPS25 RPL6 RPL31 RPL3 RPL4 RPL30 RPLP0 RPL32 RPL35 RPLP2 RPL10L RPL34 RPLP1 RPL10A RPL9 RPL7 RPL8 RPS16 RPS4X RPS18 RPL18A RPS19 G3BP1 RPL36 RPS10 RACK1 RPS12 RPS11 RPL7A RPS14 RPS13 
0.545064,3.4652307,HNRNPU,SND1 TRMT1L RFC4 RFC5 RPS8 NO66 RPL21 RPS9 RPS3A RPL27A SPATS2L TSR1 RPS20 RPS25 RPL3 RPL30 RPL11 DDX47 RPL10 RPLP2 RPS17 RPS5 RPL14 RPS3 RPS15A 
9.02996,6.49535,FTSJ3,UPF1 NOP16 IMP3 IMP4 PAPD5 GNL3 REXO4 LARP7 WDR12 GLTSCR2 NSA2 EBNA1BP2 MYBBP1A DKC1 RPL7L1 TSR1 GZF1 ZCCHC3 NOP56 FYTTD1 RPL26L1 RBM28 ZNF771 DDX27 STAU2 MPHOSPH10 DDX24 DDX21 RRP9 RPF2 DHX30 DHX57 RPL36A PES1 RPS5 RRS1 LYAR MMTAG2 
-6.241207,6.7355127,MED11,MED4 MED9 MED13L MED17 MED27 MED16 MED6 MED19 MED7 MED18 MED29 MED24 MED13 MED12 MED23 CDK8 MED15 MED14 MED31 MED20 MED22 MED10 
13.415102,-9.519304,COPS5,DDB2 COPS4 CUL4A COPS6 BTBD1 COPS3 COPS2 COPS7A COPS8 
16.07473,-6.337494,PGK1,TSFM ENO1 ENO2 ENO3 GAPDH 
28.355658,-1.2788515,VPS26A,ANKRD27 TBC1D5 SDCCAG3 FKBP15 FAM21A KIAA1033 VPS26B VPS35 FAM21C VPS29 KIAA0196 
15.675311,-6.179993,ADSL,QDPR FH FABP5 OXCT1 TALDO1 HSD17B14 UBE2V1 ETFB TAGLN3 PEPD 
11.831846,-6.7751374,POLR2I,RECQL5 POLR2E POLR2F POLR2G GPN1 RPRD1B RPAP2 POLR2K 
9.528133,-9.1954155,FGFR1OP2,PPP2CB STRIP1 STRIP2 SIKE1 SLMAP MOB4 STRN STRN3 CTTNBP2NL 
0.27117676,16.293772,MRPL24,MTERF3 MRPL28 MRPL48 MRPS18A MRPL47 MRPL22 MRPL54 MRPL10 MRPL32 MRPL30 WBSCR16 MRPL50 MRPL19 MRPL38 MRPL13 MRPL14 MRPL55 MRPL34 MRPL12 MRPL4 MRPL21 MRPL43 MRPL3 MRPL2 MRPL9 ICT1 
-0.5978807,1.8029951,RPL4,TUFM SND1 NSUN2 BTF3 RPS8 RPL22 RPL21 RPS9 RPL24 RPL23 RPS7 NAP1L4 NAP1L1 RPS3A RPSA EEF1A1 RPL37A NAT10 MTHFD1 EEF1G RPL26 FAU HNRNPC PABPC1 RPL27 CALR RPL29 RPL26L1 RPL11 RPL10 RPL13 RPL12 HNRNPU ATP5A1 NOLC1 RRBP1 RPF2 RPL36AL MTHFD1L PES1 RPL15 RPS5 RPL14 RPS3 RPS15A ZNF622 RPL18 RPS27A NPM1 RPL35A RPL23A MINA EEF2 EIF2S1 RPL3L RPS27 EBNA1BP2 RPL27A TSR1 RPS20 UBA52 RPS23 SLC25A6 SLC25A5 EIF3B RPS25 RPL6 RPL31 RPL3 RPL30 RPLP0 HSP90AB1 RPL35 RPLP2 RPL34 YBX1 SRP14 RPL10A RPL9 RPL7 RPS4X RPS15 RPL18A RPS19 G3BP1 G3BP2 IGF2BP1 RPL36 RPL39 RACK1 RPS12 RPS11 RPL7A RPS14 RPS13 RBM34 
-6.4761124,7.144904,MED31,MED13 CDK19 MED23 MED14 MED20 MED22 MED17 MED27 MED6 MED12L MED29 
10.615311,-1.601049,RBM22,AQR PRPF8 SNW1 ISY1 PRPF19 CCDC12 PPIE CMPK1 
12.189415,-4.7190404,LGALS8,ATG9A ABCC4 SLC36A1 CALCOCO2 SLC35A5 SLC9A6 SLC1A1 ATP13A3 PTPRJ CLCN3 SLC17A5 ADCY6 
0.037356425,2.251287,NOP58,RPS9 RPS7 RPL35A RPS3A SRPK2 EBNA1BP2 GRWD1 EEF1G RPL27 NOP10 RPL3 RPL30 RPL11 RPLP0 DDX47 RPL10 RPLP2 RPL12 YBX1 ATP5A1 NOLC1 RPL7 NOL6 FBL RPF2 RPS4X PES1 RPL14 RPS15A RPS14 
16.06738,-6.300451,ENSG00000243678,FKBP2 TAGLN2 ENO1 TAGLN3 ENO3 ATP6V1C1 SOD1 
9.090839,-1.1622341,DDX39B,LSM7 DHX38 THOC2 THOC1 THOC6 THOC5 SMNDC1 THOC7 
12.065848,-4.792669,FAM60A,BRMS1 SIN3A BRMS1L SUDS3 ARID4A ING1 SAP30 
10.594893,-1.6021152,BUD31,AQR SF3A2 ISY1 LSM2 CDC5L NTPCR LSM6 XAB2 SNW1 PRPF19 DDX39B DHX35 CCDC12 PPIE SMNDC1 
8.351005,-1.7742794,LEO1,CSNK2A1 WDR61 CTR9 IWS1 CDC73 PAF1 
11.573039,-4.3799973,PELP1,WDR18 TEX10 LAS1L NOL9 SENP3 
0.6195961,4.0470963,RPL3L,RPL11 RPL21 RPS9 RPL27A FAU 
0.5767118,3.8469238,RPL14,TUFM SND1 RPS8 RPL21 RPS9 MINA RPS3A RPL3L RPS27 EBNA1BP2 RPL27A FAU RPS20 RPL3 RPL30 RPL11 HSP90AB1 RPLP2 G3BP1 MTHFD1L PES1 RPS5 RPL39 RPS3 RPS15A 
9.027675,-1.1038915,NCBP3,DDX39A DDX39B ZC3H11A THOC2 THOC1 C19ORF47 THOC6 THOC5 THOC7 
15.666369,-6.215171,DBI,OXCT1 ADSL ETFB HSPE1 ACAT2 
9.02579,-1.9687855,EIF2S2,PRPF8 SF3A3 DDX17 PRPF19 PRPF40A EIF2S3 SF3A1 MCM2 U2SURP 
3.135314,-15.140584,MRPS10,MRPS27 MRPS28 PTCD3 MRPS25 MRPS26 MRPS23 MRPS24 MRPS21 MRPS18C MRPS22 MRPS18B MRPS2 MRPS7 MRPS6 MRPS5 MRPS9 DAP3 MRPS16 MRPS17 MRPS14 MRPS15 MRPS34 MRPS35 MRPS33 MRPS11 MRPS31 
16.015585,-6.227103,PGK2,TSFM AK2 ENO3 TKT GPI 
16.159456,-3.9938605,MYO5A,ABLIM1 LIMCH1 MYO5C NEXN MYH9 MYO5B COBL SPTBN1 CORO1C LIMA1 
12.600756,-5.7364416,SEPT11,SEPT9 ANLN CDC42EP4 SEPT2 SEPT5 SEPT6 
9.021656,6.6610847,ZC3HAV1,NOP16 PAPD5 FTSJ3 GNL3 REXO4 GLTSCR2 NSA2 EBNA1BP2 MYBBP1A DKC1 GZF1 FYTTD1 RPL26L1 RBM28 ZNF771 DDX27 STAU2 DDX24 DDX21 RRP9 RPF2 DHX30 PES1 RPS5 RRS1 LYAR MMTAG2 
10.82972,6.5949945,ZNF22,UPF1 IMP3 DDX31 GNL3 REXO4 LARP7 GTPBP4 NSA2 LIN28B DKC1 RPL26 POP1 ZNF512 RPL26L1 STAU2 NIP7 ZC3HAV1 ZC3H8 RPF2 DHX30 HERC5 SRP72 LLPH PURA RPL15 GAR1 RPL17 RRS1 SF3B2 LYAR NOP16 SURF6 CCDC137 PAPD5 NOC3L FTSJ3 GLTSCR2 MOV10 RSL1D1 EBNA1BP2 MYBBP1A NOL12 GZF1 GLYR1 RPS24 FYTTD1 RBM28 RRP8 ZNF771 DDX27 WHSC1 MPHOSPH10 DDX24 DDX21 KRI1 RRP9 LARP1 C7ORF50 ZNF808 NKRF BRIX1 NIFK RPS13 RBM34 
-0.24110748,3.3209355,ATP5D,SLC25A4 ATP5H ATP5E ATP5A1 ATP5C1 ATP5J ACKR3 ATP5F1 ATP5O 
-0.03984698,15.834236,MRPL12,MRPL19 MRPL28 MRPL38 MRPL47 MRPL34 MRPL53 MRPL4 MRPL54 MRPL32 MRPL21 MRPL43 MRPL52 MRPL9 ICT1 
0.48881346,3.128044,SLC25A6,RPL3 RPL30 RPL11 RPL22 RPL21 RPS9 RPL10 RPLP2 RPL13 RPS4X RPS15 RPL27A RPL14 RPS3 RPS25 
11.280532,-5.5867767,EIF3A,EIF3L EIF3H EIF3F EIF3CL EIF3G EIF3D EIF3E EIF3C PRRC2B 
0.43252861,3.3575034,RFC3,PCNA RFC4 RFC5 RPL10 RFC1 
10.891825,6.5647583,RSL24D1,UPF1 NOP16 SURF6 CCDC137 PAPD5 NOC3L DDX31 FTSJ3 REXO4 GNL2 GTPBP4 MRTO4 RSL1D1 EBNA1BP2 LIN28B DKC1 ZNF512 GLYR1 RPS24 DDX27 NVL NIP7 MPHOSPH10 DDX24 DDX21 PPAN RPF2 LLPH RPL15 RRS1 NIFK RBM34 
-6.4986978,7.1785364,MED22,MED13 CDK19 MED23 MED26 MED14 MED25 MED20 MED17 MED27 MED6 MED12L MED29 
12.123378,-4.4860654,FGL1,KLF13 AARS2 LSG1 TSR3 PRR12 TBC1D10A 
9.576685,-9.228219,STRN4,PPP2CB STRIP1 STRIP2 SIKE1 FGFR1OP2 SLMAP MOB4 STRN STRN3 CTTNBP2NL 
-6.2115283,6.752687,MED1,CDK19 MED4 MED9 MED13L MED28 MED27 MED6 MED7 MED29 MED24 MED23 CDK8 MED25 MED20 MED22 MED21 CCNC MED17 MED16 MED19 MED12L MED18 MED13 MED12 MED15 MED14 MED31 MED11 MED10 
11.864394,-6.0009575,TADA1,TAF12 TAF10 SUPT20H TAF9B SUPT3H 
9.843928,6.30011,DDX55,DDX18 DDX56 DDX24 NOP56 GTPBP4 
-0.6032683,1.9405519,RPS29,NPM1 RPL22 RPS9 RPL24 RPL23A RPSA EIF2S1 RPS27 RPL26 SLC25A5 RPL26L1 RPL6 RPL3 RPL30 RPL11 DDX47 RPL10 RPL35 RPL13 RPL34 HNRNPU ATP5A1 RRBP1 RPL10A RPL9 FBL RPS4X RPS15 RPL18A RPS19 RPL15 RPL37 RPL39 RPS3 ZNF622 RPS11 RPL7A RPS13 
9.573376,-1.7647946,SF3B1,CPSF6 RANBP2 SF3A2 SF3A3 DDX17 CDC5L PRPF40A U2SURP PRPF6 PHF5A KPNB1 NUDT21 PRPF8 PRPF19 PRPF3 CD2BP2 PRPF31 SNRPA1 SNRNP200 SF3A1 RBM25 SF3B5 SF3B6 SF3B3 TCERG1 SF3B4 SRRT DDX23 EFTUD2 SART1 PLRG1 SNRPD2 SNRPD1 DHX15 CCDC97 SNRPB2 SF3B2 
13.411235,-9.497902,COPS4,DDB2 DDA1 CUL4A COPS6 COPS2 COPS7A DCAF11 COPS8 RBX1 
-1.6568022,-7.700974,ACTL6A,SS18L1 SMARCD3 BCL7B ACTL6B SMARCE1 ARID1A SMARCA2 BRD7 SMARCA4 
12.425303,-4.6954637,LIN37,LIN9 MYBL1 LIN52 MYBL2 LIN54 
2.860333,-15.401356,MRPS27,DAP3 MRPS9 MRPS28 MRPS25 MRPS35 MRPS21 MRPS33 MRPS22 MRPS7 
11.620688,19.851446,EXOSC3,EXOSC8 EXOSC7 EXOSC10 EXOSC6 EXOSC5 C1D DIS3L EXOSC4 EXOSC2 MPHOSPH6 EXOSC1 
8.805364,6.534251,REXO4,RBM28 ZNF771 DDX27 NOP16 STAU2 IMP3 DDX21 PAPD5 GNL3 RPF2 GLTSCR2 DHX30 EBNA1BP2 MYBBP1A DKC1 PES1 RRS1 GZF1 LYAR FYTTD1 RPL26L1 
10.927376,-5.4973583,RMND5A,MKLN1 ZCCHC14 ZMYND19 PAPD7 ARMC8 HBP1 MAEA YPEL5 WARS2 ZCCHC2 RANBP10 
9.328414,-1.5030956,SMNDC1,SF3A2 SF3A3 DHX38 LSM2 SNRPB2 SF3A1 LSM3 
0.59105146,3.6759348,RPS25,EIF5B TUFM SND1 RPS8 RPL21 RPS9 RPS3A RPL3L RPS27 EBNA1BP2 RPL27A FAU TSR1 RPS20 RPL3 RPL30 RPL11 DDX47 HSP90AB1 RPL10 RPLP2 RPF2 G3BP1 PES1 RPS5 RPL14 RPL39 RPS3 RPS15A RPS27A 
10.815683,-5.8884573,COG2,COG8 COG7 COG6 COG4 COG3 COG1 
8.68604,6.379557,GLTSCR2,RBM28 ZNF771 DDX27 NOP16 STAU2 IMP3 IMP4 MPHOSPH10 DDX21 PAPD5 MRPS22 DHX30 EBNA1BP2 MYBBP1A DKC1 PES1 RPS5 RRS1 GZF1 LYAR 
8.360004,-7.5496626,PSMD7,PSMD13 C19ORF60 PSMD12 PSMD5 PSMD14 PSMC2 PSMD3 PSMC3 PSMD4 PSMC1 PSMD2 PAAF1 
9.681782,-1.7380799,ZRSR2,PDCD7 ZMAT5 CCDC97 RNPC3 SNRNP48 SNRNP35 
9.37999,-1.7936177,SNRNP200,RBM39 CPSF6 RANBP2 SF3A2 SF3A3 DDX17 WTAP THOC2 CDC5L PRPF40A WBP11 SRRM1 SRRM2 PRPF6 XAB2 PRPF8 SNW1 PRPF19 CD2BP2 PRPF31 SRSF4 ACIN1 SNRPA1 SRSF6 SRSF7 SF3A1 RBM25 SRSF9 SRRT DDX23 SRSF1 PSIP1 U2AF2 CDC73 SNU13 PPM1G EFTUD2 U2AF1L5 SART1 SNRPD2 SNRPD1 DHX15 SF3B2 SRSF11 
21.745161,14.600612,ZNHIT1,VPS72 YEATS4 KAT5 SRCAP ACTR6 MBTD1 EPC2 EP400 JAZF1 BRD8 
28.321177,-1.2801459,COMMD6,RANBP1 COMMD10 FAM45A COMMD3 COMMD4 COMMD1 COMMD2 COMMD7 COMMD8 COMMD5 DSCR3 COMMD9 C16ORF62 CCDC22 CCDC93 VPS29 
9.0424385,-2.015867,TCERG1,RUVBL1 IK SMU1 SF3A3 DDX5 DDX17 SNRPD1 MCTS1 SF3A1 SF3B2 
7.6658587,-1.1500747,BCLAF1,RBM39 SPEN FMR1 SRSF1 U2AF2 PNN SRRM2 FXR1 KIAA1429 THRAP3 TRA2B PPIG LUC7L SRSF3 RNPS1 ACIN1 SRSF5 MATR3 SRSF6 SRSF7 SRSF8 SRSF11 
11.875089,-5.9802127,SUPT7L,TAF5L TAF12 TADA1 SUPT20H TAF9B SUPT3H 
28.33242,-1.2824209,COMMD5,COMMD9 COMMD10 COMMD3 COMMD4 CCDC93 
14.356442,-10.443144,ANAPC15,ANAPC13 CFAP97 FZR1 GNPTAB CDC16 CDC27 FBXO5 ANAPC5 SORBS3 ANAPC1 CDC20 
9.6525955,-2.4772842,PDS5A,STAG2 PRPF19 PDS5B EIF2S2 SMC1A SAFB SMC3 
11.968507,-5.1028924,DSN1,SPC24 PMF1 NUF2 CASC5 MIS12 NSL1 ZWINT SPC25 NDC80 
12.015125,-5.1528955,MIS12,SPC24 PMF1 NUF2 CASC5 NSL1 ZWINT SPC25 NDC80 
8.390906,-7.356145,INO80B,YY1 INO80C TFPT INO80E ACTR5 NFRKB UCHL5 
15.665145,-6.2137275,GPT2,FH ALDH7A1 GPHA2 GOT2 OXCT1 ADSL 
8.916567,-5.2448964,SNAP29,SKA1 STXBP5 NAPA STX7 TRPM7 
9.341462,6.527331,CCDC137,UPF1 NOP16 IMP3 IMP4 DDX56 DDX10 PAPD5 RRP1B FTSJ3 GNL3 REXO4 LARP7 GLTSCR2 GTPBP4 MRTO4 NSA2 EBNA1BP2 MYBBP1A DKC1 RPL7L1 RPL26 TSR1 GZF1 ZCCHC3 NOP56 RPL26L1 RBM28 ZCCHC9 ZNF574 ZNF771 DDX27 STAU2 MPHOSPH10 DDX24 ZC3HAV1 DDX21 RRP9 RPF2 DHX30 LARP1 DHX57 PES1 RPS5 RRS1 LYAR 
15.991,-4.5427594,WDR1,FH PLEKHG3 TPI1 MYO5C CFL2 CFL1 MYO5B HSD17B14 TWF1 SORBS2 SSH2 
8.305621,6.014101,PES1,DHX30 RPL3 STAU2 IMP4 RPL27A MPHOSPH10 PAPD5 LARP7 RPF2 NOP56 
11.636802,-4.5575933,CXXC1,RBBP5 ASH2L BOD1L1 WDR5 SETD1B 
9.855067,-5.630173,CDK2,RBL1 CDKN1C GMNN CCNE2 CKS1B 
10.122216,6.776236,GLYR1,IMP3 IMP4 DDX31 GNL3 REXO4 SMARCA5 GTPBP4 MRTO4 NSA2 LIN28B DKC1 RPL7L1 RPL26 RPL26L1 STAU2 NIP7 YTHDC2 ZC3HAV1 RPF2 DHX30 HERC5 LLPH PURA RPL36A PES1 RPL15 RPS5 RPL17 RRS1 SF3B2 LYAR MYEF2 NOP16 SURF6 DDX56 CCDC137 DDX10 PAPD5 MINA NOC3L FTSJ3 GLTSCR2 MOV10 EBNA1BP2 MYBBP1A TSR1 NOL12 GZF1 NOP56 RPS24 FYTTD1 RBM28 ZNF574 RRP8 ZNF771 DDX27 ZNF770 WHSC1 MPHOSPH10 DDX24 DDX21 LARP1 DHX57 BRIX1 IGF2BP3 RPS13 
9.372251,-1.5418725,SF3A1,SF3B5 SF3A2 SF3A3 DDX17 DDX23 PRPF40A U2SURP PRPF6 SART1 PRPF8 PRPF19 PRPF31 SNRPB2 
9.210843,-8.365064,CCT3,CCT6B CCT4 CCT6A PDCL3 CCT2 MLST8 TCP1 TXNDC9 CCT7 CCT5 
16.282757,-17.482769,PSMA3,PSMB3 PSMB1 PSME4 PSME2 FBXO7 PSMG2 PSME1 PSMB9 PSMB10 
-0.6054547,1.8434551,ENSG00000215472,SSB TUFM BTF3 RPS8 RPL22 RPL21 RPS9 RPL24 RPL23 RPS7 NAP1L1 RPS3A RPSA EEF1A1 RPL37A MTHFD1 EEF1G RPL26 FAU HNRNPC PABPC1 RPL27 RPL26L1 SLC25A3 RPL11 RPL10 RPL13 RPL12 HNRNPU NOLC1 ATP5O MTHFD1L RPL15 RPS5 RPL14 RPS3 RPS15A RPL18 RPS27A MYH7B NOP58 RPL35A RPL23A EEF2 EIF2S1 SRPK1 RPS27 EBNA1BP2 RPL27A GRWD1 CANX RPS20 UBA52 RPS23 SLC25A6 NOP10 SLC25A5 RPS25 RPL6 RPL31 RPL3 RPL30 RPLP0 HSP90AB1 RPL35 RPLP2 RPL34 YBX1 ATP5C1 SRP14 RPL10A RPL9 RPL7 RPS4X RPS15 RPS19 G3BP1 RPL37 RPL36 RPL39 RACK1 RPS12 RPS11 RPL7A RPS14 RPS13 
12.182829,-4.485459,GID8,MKLN1 GID4 RMND5A ARMC8 MAEA YPEL5 RANBP10 
25.676714,-2.3430612,GRIA2,NAPB HPCA CAMK2A NCALD ANK2 SNAP91 DCLK1 SYN1 L1CAM MAPT DPYSL3 DPYSL4 VSNL1 CDH13 RAB6B STX1B DNM1L SNCB 
7.7367578,-1.3917633,LUC7L,PRPF4B SRSF4 SRSF6 SRSF7 SRRM2 
0.56503236,2.949336,RPL10A,TUFM SND1 RPS8 RPL22 RPL21 RPS9 RPS7 MINA NAP1L1 RPS3A RPS27 EBNA1BP2 RPL27A RPL26 FAU TSR1 HNRNPC RPS20 RPL27 SLC25A6 RPS25 RPL26L1 RPL6 RPL3 RPL30 RPL11 HSP90AB1 RPL10 RPLP2 RPL13 RPL34 HNRNPU YBX1 ATP5C1 RPL7 RPF2 RPS4X RPS15 G3BP1 PES1 RPL37 RPS5 RPL14 RPS3 RPS15A RPS27A 
0.33760127,2.69361,RPL35A,RPS8 RPL22 RPL21 RPS9 RPL23A RPS3A RPS27 EBNA1BP2 RPL27A RPL26 RPS20 RPL27 UBA52 SLC25A5 RPS25 RPL6 RPL3 RPL30 RPL11 RPL10 RPLP2 RPL13 RPL34 YBX1 NOLC1 RPL10A RPL7 RPF2 RPS4X RPS15 RPL36AL RPL37 RPS5 RPL14 RPS3 RPS15A 
11.3592615,-4.815287,ISL2,LMX1B LDB1 LMO4 ISL1 SSBP4 
25.795803,-2.4601362,GNG2,GRIA2 HPCA CAMK2A CAMK2B NCALD SNAP91 DCLK1 SYN1 L1CAM DPYSL2 CALB2 MAPT DPYSL3 GNAO1 VSNL1 CDH13 AMPH STX1B SNCB 
11.855713,-6.8171363,POLR2C,RPRD1A GPN1 RPAP2 GPN3 POLR2B POLR2D POLR2E POLR2F POLR2G MYZAP RPRD1B POLR2I POLR2J POLR2K 
8.045677,-1.6756705,SRSF6,DDX46 PPIG SRSF5 PRPF40A CDC73 SRSF11 
25.629553,-2.4163008,STX1A,NAPB GRIA2 HPCA NCALD SNAP91 SYN1 L1CAM CALB2 CDH13 RAB6B AMPH STX1B SNCB 
-1.079104,1.8913156,RPS2,TUFM SND1 RPS8 RPL22 DIMT1 RPL21 RPS9 RPS6 RPL24 RPL23 RPS7 RPSA BYSL EEF1A1 SERBP1 MTHFD1 RPL26 FAU HNRNPC RPL27 MPG RPL11 RPL10 RPL13 RPL12 HNRNPU ATP5A1 RRBP1 NOL6 RPL36AL MTHFD1L RPL15 RPS5 RPL14 RPS3 RPL19 RPL18 MYH7B TTC37 MINA EEF2 EIF2S1 SRPK1 RPL3L RPS27 RPS26 RPS29 RPL27A NCL RPS21 RPS20 RPS23 NOP10 RPS25 RPL6 RPL31 PWP1 RPL3 RPL4 RPL30 MEPCE RPL32 RPL35 RPL34 ATP5C1 SRP14 RPL9 RPL7 RPL8 RPS16 EEF1B2 RPS15 RPS18 RPS17 RPS19 G3BP1 G3BP2 RPL36 RPL39 RPS10 RPL38 RPS12 RPS11 RPS14 RPS13 NSUN2 BTF3 RPL13A PA2G4 NAP1L1 RPS3A RPL37A NAT10 EEF1G PABPC1 CALR DDX47 RPS15A ZNF622 RPS27A HIST1H1B HIST1H1D NOP58 NPM1 RPL35A RPL23A EBNA1BP2 CANX TSR1 UBA52 SLC25A5 EIF3B RPLP0 RPLP2 RPL10L RPLP1 YBX1 RPL10A RPS4X RPL18A IGF2BP1 RACK1 RPL7A 
11.313057,-7.86329,CNOT2,CNOT6L CNOT6 CNOT3 RQCD1 CNOT11 TNKS1BP1 
9.947931,-4.478689,AP2A1,FCHO2 AP2B1 BMP2K PIK3C2A AP2M1 
9.662786,6.7334776,RPL17,UPF1 NOP16 MRPS26 CCDC137 MRPS22 MINA RRP1B FTSJ3 GNL3 REXO4 GLTSCR2 GTPBP4 MOV10 MRTO4 NSA2 EBNA1BP2 MYBBP1A DKC1 RPL7L1 RPL26 PABPC4 TSR1 RPL26L1 RBM28 RRP8 ZNF771 DDX27 STAU2 DDX47 NIP7 DDX24 ZC3HAV1 DDX21 RRP9 RPF2 DHX30 LARP1 HERC5 RPS17 LLPH DHX57 RPL36A PES1 RPS5 RRS1 IGF2BP3 ZNF622 LYAR 
-0.8168712,2.023796,CCDC124,LARP1 RPS19 RPL10 RPL13 YBX3 EIF1B RPS12 EIF2D RPL7A RPS14 RPS13 
0.3741846,2.6135924,EEF1A1,TUFM RPS8 RPL22 RPL21 RPS9 RPS7 KTN1 RPL23A NAP1L1 RPS3A EEF1D RPL27A MTHFD1 EEF1G RPL27 RPS25 LRRC59 RPL6 RPL3 RPL30 RPL11 RPL10 RPLP2 RPL13 HNRNPU YBX1 RPL10A RPL7 RPS4X RPL14 IGF2BP1 RPS15A RPS14 
16.350315,-3.830621,TPRN,PPP1CC PPP1R18 NEXN MYO5A CALML3 PPP1CA 
10.548822,6.556086,C7orf50,UPF1 IMP3 IMP4 DDX31 GNL3 REXO4 LARP7 GTPBP4 MRTO4 NSA2 BOP1 LIN28B DKC1 RPL26 PABPC4 POP1 ZNF512 RPL26L1 STAU2 NIP7 ZC3HAV1 RPF2 DHX30 HERC5 LLPH PURA RPL36A PES1 RPL15 GAR1 RPL17 RRS1 SF3B2 LYAR MYEF2 NOP16 SURF6 DDX56 CCDC137 PAPD5 NOC3L FTSJ3 GLTSCR2 MOV10 EBNA1BP2 MYBBP1A NOL12 GZF1 GLYR1 NOP56 RPS24 FYTTD1 RBM28 RRP8 ZNF771 DDX27 WHSC1 DDX24 DDX21 KRI1 TTF1 RRP9 LARP1 NKRF BRIX1 RPS13 RBM34 
7.6011424,-1.2502605,RNPS1,RBM39 ZRANB2 DDX46 PNN GPATCH8 SRRM2 U2AF1L5 THRAP3 SNRNP70 TRA2B PPIG SAP18 LUC7L SRSF4 ACIN1 SRSF6 SRSF7 SRSF11 
12.499272,-4.468656,STBD1,GABARAP GABARAPL1 MID1 GYG2 GYS1 
-0.116413906,15.718853,MRPL43,MRPL53 MRPL4 MRPL54 MRPL21 ICT1 MTERF3 MRPL19 MRPL28 MRPL48 MRPL38 MRPL47 MRPL34 
10.823712,6.125997,RRP15,SUPT16H RPS8 RPS9 RPL23 RPS7 GTPBP4 MRTO4 BOP1 XRN2 DKC1 RPL26 CCDC86 POP1 RPL26L1 STAU1 STAU2 NIP7 RPL13 NOLC1 ZBTB24 SDAD1 DHX30 PURA PES1 RPL15 RPL14 RPL17 SURF6 CCDC137 DDX54 FTSJ3 GLTSCR2 MOV10 NOL12 NOP10 RPS25 GLYR1 RPS24 RPL6 RRP8 ZNF771 RPL31 RPL3 RPL4 RPL30 WHSC1 ZNF22 PPAN RPL9 TTF1 RPL7 RPL8 LARP1 C7ORF50 RPS19 BRIX1 RPL36 DDX31 RPS3A GNL3 REXO4 GNL2 WDR36 NSA2 RPL37A ZNF512 HP1BP3 NVL ZC3HAV1 RPF2 LLPH GAR1 RRS1 RPS15A LYAR DDX18 NOP58 MRPS26 KRR1 PAPD5 MRPS22 RPL23A NOC3L RSL1D1 EBNA1BP2 MYBBP1A GZF1 NOP56 FYTTD1 RBM28 DDX27 RPLP0 RPLP2 DDX24 YBX1 DDX21 RPL10A NOC2L KRI1 RPS4X RPL18A NKRF DHX57 RRP12 NIFK RBM34 
15.658459,-6.2807407,ETFB,FH HIBADH LDHA ETFA PRCP LDHAL6A 
11.787542,-4.6586423,CYP51A1,DHRS7 EPHX1 ESYT1 THEM6 ATP2A3 SLC27A3 PDZD8 
15.882075,-4.4233146,ARHGAP11A,TPM2 CFL2 MYO5B TWF1 CORO1C 
11.786517,-5.1621504,PPP6R2,PPP6C ANKRD28 PPP6R1 PPP6R3 ANKRD44 
-1.1196667,2.1457295,EIF1AX,BTF3 NPM3 RPL21 RPL24 RPL23 NAP1L4 RPL23A NAP1L1 RPS3A RPS26 RPL27A FAU DHX29 EIF3E RPS25 RPL6 RPL31 MPG RPL11 DDX47 RPL13 RPL10A RPL9 EMG1 RPS4X RPS18 RPS19 G3BP1 RPS3 RACK1 RPS15A RPL18 RPS13 
11.741166,-4.527601,GINS4,GINS2 GINS3 GINS1 TIMELESS TIPIN WDHD1 
11.915509,-5.2585716,ALDOC,ISYNA1 GALE GSTO2 GORASP2 PGP PGD 
9.391564,-2.3714077,MCM5,MCM4 MCMBP MCM6 MCM7 DNMT1 MCM2 MCM3 
10.205358,-5.968035,ACTR10,DCTN6 ACTR1B DCTN3 DCTN2 DCTN5 DCTN4 ACTR1A 
16.232794,-3.574068,MYO1C,LIMCH1 PPP1R12A TPM4 AFAP1 MYO5A ACTG1 LIMA1 PPP1CB MYL6 ABLIM1 ACTA1 SPECC1L MYH9 MYO18A LRRFIP2 MISP SPTBN1 DBN1 
16.412073,-17.612864,PSMG1,POMP PSMB9 PSMB7 PSMA6 PSMA7 PSMA4 PSMB5 PSMA5 PSMB6 PSMB3 PSMA2 PSMB4 PSMA3 PSMB1 PSME4 PSMB2 PSMA1 PSME2 FBXO7 PSMG2 PSMG3 PSME1 
10.196253,6.6976943,NKRF,IMP3 DDX31 GNL3 REXO4 GTPBP4 MRTO4 NSA2 LIN28B XRN2 DKC1 RPL7L1 RPL26 ZNF512 RPL26L1 STAU2 NIP7 YTHDC2 ZC3HAV1 RPF2 DHX30 LLPH PURA RPL36A PES1 RPL15 RPS5 RPL17 RRS1 LYAR NOP16 SURF6 CCDC137 PAPD5 MRPS22 RRP1B NOC3L FTSJ3 GLTSCR2 MOV10 EBNA1BP2 MYBBP1A TSR1 NOL12 GZF1 GLYR1 NOP56 RPS24 RBM28 RRP8 ZNF771 DDX27 WHSC1 MPHOSPH10 DDX24 DDX21 LARP1 RPS17 DHX57 BRIX1 IGF2BP3 RPS13 
9.256964,6.3994775,DDX56,UPF1 NOP16 IMP3 IMP4 DDX10 PAPD5 FTSJ3 REXO4 LARP7 GLTSCR2 GTPBP4 MRTO4 NSA2 EBNA1BP2 MYBBP1A DKC1 RPL7L1 GZF1 NOP56 ZNF771 DDX27 MPHOSPH10 DDX24 DDX21 RPF2 DHX30 PES1 RRS1 
-6.345929,6.8768287,MED18,MED4 MED9 MED17 MED27 MED16 MED6 MED7 MED29 MED13 MED12 MED23 MED26 MED15 MED14 MED25 MED31 MED20 MED22 
12.212851,-4.9410415,PNKD,RADIL GOLPH3L LSS PPFIBP1 PPARGC1B ATRIP MLXIP 
9.78519,6.5814795,ZCRB1,LARP1 ZNF771 CCDC137 RPS5 CHERP FTSJ3 ZCCHC3 LARP7 
10.213029,-5.9437137,DCTN6,ACTR1B DCTN3 DCTN2 DCTN5 DCTN4 ACTR1A 
9.069588,-1.9494687,KPNB1,SF3A3 DDX5 DDX17 DHX9 THOC2 CDC73 WBP11 EFTUD2 U2SURP U2AF1L5 HNRNPM PRPF8 PRPF19 SNRPD1 SF3A1 SF3B2 SRSF11 
25.670551,-2.513616,CAMKV,SYT1 SNAP91 SYN2 SYN1 L1CAM ATP4A MAPT VSNL1 CDH13 AMPH STX1B STX1A CNTN1 NAPB GRIA2 STXBP1 RAB3A HPCA CAMK2A HIST1H2BL CRMP1 NCALD GNG2 PPP3R1 CALB2 EPB41L1 DPYSL3 MAP2 RAB6B SNCB 
16.103266,-4.080821,IQGAP1,MYO5C MYO5B MYL6B SPTBN1 AKAP2 
-0.41667154,2.2514849,HIST1H1D,NPM1 RPL36AL RPS15A RPS23 RPS13 
-0.15068342,15.650866,MTERF3,MRPL21 ICT1 PTCD1 MRPL28 MRPL38 MRPL47 MRPL34 
-0.43400726,1.861759,RPL31,SSB TUFM BTF3 RPS8 RPL22 RPL21 RPS9 RPL24 RPL23 RPS7 NAP1L1 RPS3A RPSA EEF1A1 RPL26 FAU PABPC1 RPL22L1 RPL27 NHP2 RPL26L1 SLC25A4 RPL11 RPL10 RPL13 RPL12 HNRNPU ATP5A1 FBL RPF2 PES1 RPL15 RPS5 RPL14 RPS3 RPS15A RPL18 RPS27A NOP58 RPL35A RPL23A EEF2 RPS27 EBNA1BP2 RPL27A TSR1 RPS20 RPS23 SLC25A6 NOP10 SLC25A5 RPS25 RPL6 RPL3 RPL30 RPLP0 HSP90AB1 RPL35 RPLP2 RPL34 YBX1 SRP14 RPL10A RPL9 RPL7 RPS4X RPS15 RPS19 RPL36 RACK1 RPS12 RPS11 RPL7A RPS14 RPS13 
-0.30827898,3.2500114,ATP5H,ATP5L ATP5A1 ATP5I ATP5F1 ATP5O 
10.69844,6.4572716,RPF1,IMP3 DDX56 CCDC137 DDX10 GNL3 GLTSCR2 RPS26 NSA2 CEBPZ POP1 GZF1 GLYR1 RRP8 ZNF771 DDX27 ZNF770 STAU1 WHSC1 DDX24 PAK1IP1 KRI1 TTF1 RPF2 DHX30 HERC5 GAR1 NIFK 
0.60738575,4.0308533,TUFM,RPL3 RPL21 RPS9 RPL27A RPS15A 
10.840103,6.439565,HP1BP3,UPF1 IMP3 IMP4 RBM19 KNOP1 DDX31 GNL3 REXO4 GNL2 LARP7 SRRM1 GTPBP4 NSA2 LIN28B XRN2 DKC1 RPL7L1 RPL26 CCDC86 PABPC4 POP1 ZNF512 RPL26L1 NVL STAU2 NIP7 ZC3HAV1 ZC3H8 RPF2 DHX30 HERC5 SRP72 LLPH PURA RPL36A PES1 RPL15 GAR1 RPS5 RPL17 RRS1 SF3B2 LYAR DDX18 MYEF2 NOP16 SURF6 DDX56 CCDC137 PAPD5 RRP1B NOC3L FTSJ3 GLTSCR2 MOV10 RSL1D1 EBNA1BP2 MYBBP1A TSR1 NOL12 GZF1 ZCCHC3 RSL24D1 GLYR1 NOP56 RPS24 FYTTD1 RBM28 RRP8 ZNF771 DDX27 WHSC1 MPHOSPH10 DDX24 DDX21 ZNF22 PPAN KRI1 TTF1 RRP9 LARP1 C7ORF50 NKRF DHX57 BRIX1 RRP12 IGF2BP3 NIFK RPS13 RBM34 
11.849561,-6.7979207,RPRD1B,CTDP1 RPRD1A RPRD2 POLR2G RPAP2 
16.350645,-17.551355,PSME2,PSMB7 PSMA7 PSMA5 PSMB6 PSMB3 PSMA2 PSMB1 PSME4 PSMA1 FBXO7 PSMG2 
-0.11663454,15.768103,MRPL32,MTERF3 MRPL19 MRPL28 MRPL48 MRPL38 MRPL47 MRPL34 MRPL53 MRPL4 MRPL54 MRPL21 MRPL43 MRPL52 ICT1 
-0.31584412,2.419338,NHP2,NOP58 RPLP0 HADHA PES1 YBX1 ATP5A1 RPS20 RPS3 NOP10 FBL RPF2 
10.920521,6.4979944,KNOP1,IMP3 IMP4 DDX31 GNL3 REXO4 GNL2 LARP7 GTPBP4 BOP1 LIN28B XRN2 DKC1 RPL7L1 CCDC86 CEBPZ POP1 ZNF512 RPL26L1 ZCCHC9 NVL STAU2 NIP7 ZC3HAV1 RPF2 DHX30 LLPH PURA RPL15 RPL17 RRS1 LYAR DDX18 ABT1 NOP16 ZCRB1 UTP3 CCDC137 PAPD5 RRP1B NOC3L FTSJ3 GLTSCR2 MOV10 RSL1D1 EBNA1BP2 MYBBP1A NOL12 GLYR1 RPS24 RBM28 RRP8 ZNF771 DDX27 ZNF770 WHSC1 MPHOSPH10 DDX24 DDX21 PPAN TTF1 RRP9 C7ORF50 NKRF BRIX1 NIFK RPS13 RBM34 
6.740745,-4.9953666,MTA1,MBD2 MBD3 ZBTB2 GATAD2A CDK2AP1 RBBP7 CHD4 KPNA3 MTA3 ZNF521 GATAD2B 
-1.678939,-7.720088,BCL7C,SMARCD3 SMARCE1 ARID1A SMARCA2 SMARCA4 
8.33797,6.0104065,DHX30,STAU2 IMP4 MPHOSPH10 PAPD5 MINA LARP7 RPF2 NOP56 
25.765802,-2.3426208,SNAP91,NAPB HPCA MAPT DPYSL3 VSNL1 STX1B SYN1 SNCB 
14.369637,-10.456871,ANAPC2,ANAPC13 ANAPC15 CFAP97 ANAPC16 ANAPC10 CDC20 CDC23 FZR1 GNPTAB CDC26 CDC16 CDC27 GNPTG FBXO5 ANAPC5 ANAPC7 ANAPC1 
16.024284,-4.253862,RAI14,NEXN AFAP1 MYO5A ACTG1 MYO5B COBL TWF1 SORBS2 CORO1B CORO1C AKAP2 PPP1CB SSH2 ABLIM1 ARHGAP21 MYO5C MPRIP CFL2 CFL1 SPTBN1 
15.872911,-6.3381014,TAGLN,FABP3 TIAL1 HINT1 FABP5 TIA1 GPX4 AKR1B15 AKR1A1 ENO1 ENO2 
-0.8047432,2.1766448,RPS27L,NPM1 RPS8 RPL21 RPS6 RPL24 RPL23 RPL35A RPL23A RPS3A RPL27A EEF1G RPS21 RPS20 RPL27 RPS23 RPS25 RPL6 RPL31 RPL3 RPL4 RPL30 RPL11 RPLP0 RPLP2 RPL13 RPL9 RPL8 RPS4X RPS15 RPS19 RPL14 RPS3 RPS15A RPS11 RPL18 RPL7A 
8.27428,-7.637903,PSMD3,PSMD13 PSMD12 PSMD5 PSMD14 PSMC2 PSMC3 PSMD4 PAAF1 
12.478189,-4.3965034,PRKAB1,PRKAA2 PRKAG2 PRKAG1 PRKAB2 PRKAA1 
8.413897,-7.4929695,PSMD10,USP14 PSMD13 PSMD12 PSMD14 UCHL5 PSMC6 PSMD7 PSMD8 PSMC2 PSMD3 PSMC3 PSMD4 PSMD1 PSMC1 PSMD2 PAAF1 
0.29582852,2.6838686,SSB,NSUN2 RPL3 RPS8 RPS9 RPLP2 RPS7 RPL23A RPS3A RPL10A RPL7 RPS3 RPS15A RPS27A 
10.500826,6.6853304,RSL1D1,UPF1 IMP3 IMP4 RBM19 DDX31 GNL3 REXO4 LARP7 GTPBP4 MRTO4 NSA2 BOP1 LIN28B XRN2 DKC1 RPL7L1 RPL26 PABPC4 POP1 ZNF512 RPL26L1 ZCCHC9 STAU2 NIP7 YTHDC2 ZC3HAV1 ZC3H8 RPF2 DHX30 SRP72 LLPH ZNF629 PURA RPL36A PES1 RPL15 GAR1 RPS5 RPL17 RRS1 LYAR DDX18 NOP16 MRPS26 SURF6 DDX56 CCDC137 DDX10 PAPD5 MINA RRP1B NOC3L FTSJ3 GLTSCR2 MOV10 EBNA1BP2 MYBBP1A TSR1 NOL12 GZF1 ZCCHC3 GLYR1 NOP56 RPS24 RBM28 RRP8 ZNF771 DDX27 ZNF770 MPHOSPH10 DDX24 DDX21 KRI1 TTF1 RRP9 LARP1 C7ORF50 RPS17 NKRF DHX57 BMS1 BRIX1 IGF2BP3 MMTAG2 RPS13 RBM34 
7.9385977,12.5093565,NUP37,GLE1 NUP107 TMEM214 SUMO1 NUP43 NUP153 NUP133 NUP160 
10.950451,6.201017,H1F0,RBM28 RPL6 RPL3 RPS8 RPL32 DDX21 ZBTB11 ZNF22 RPS3A FTSJ3 RPL7 RPS16 RSL1D1 LLPH RPL37A HIST1H1E BRIX1 GZF1 RPS15A ZNF512 RPS11 GLYR1 
9.097838,-1.8210604,WTAP,PRPF8 KIAA1429 METTL3 ZNF645 CBLL1 EFTUD2 
0.25292298,2.523473,RPL12,SSB TUFM NSUN2 RPS8 RPL22 RPL21 RPS9 RPS7 RPL35A RPL23A NAP1L1 RPS3A RPS27 EEF1A1 EBNA1BP2 RPL27A FAU RPS20 RPL27 SLC25A5 RPS25 RPL26L1 RPL6 RPL3 RPL30 RPL11 HSP90AB1 RPL10 RPLP2 RPL13 RPL34 HNRNPU YBX1 SRP14 RPL10A RPL7 RPS4X G3BP1 PES1 RPS5 RPL14 RPL39 RPS3 RPS15A RPS27A RPS14 
10.363796,-8.075348,TUBG1,MZT2B NEDD1 MZT2A NME7 TUBGCP2 TUBGCP3 TUBGCP6 TUBGCP4 TUBGCP5 MZT1 
16.146938,-4.0767274,TWF1,ABLIM1 MYO5C NEXN MYO5A MYO5B COBL CORO1C 
0.201841,2.3515184,RPL35,SSB TUFM RPS8 RPL22 RPL21 RPS9 RPS7 NAP1L1 RPS3A RPSA EEF1A1 MTHFD1 EEF1G RPL26 FAU HNRNPC RPL27 RPL26L1 RPL11 RPL10 RPL13 RPL12 HNRNPU NOLC1 RRBP1 ATP5O RPL36AL MTHFD1L RPS5 RPL14 RPS3 RPS15A RPS27A NPM1 RPL35A RPL23A EEF2 RPS27 EBNA1BP2 RPL27A TSR1 RPS20 UBA52 SLC25A6 SLC25A5 RPS25 RPL6 RPL3 RPL30 RPLP0 HSP90AB1 RPLP2 RPL34 YBX1 SRP14 RPL10A RPL7 RPS4X RPS15 RPS17 G3BP1 RPL37 RPL39 RPS14 
-6.5435696,7.233753,MED27,MED13 CDK19 MED23 MED14 MED25 MED17 MED12L MED29 
7.986092,-1.0173696,SRRM1,PRPF4B GNL2 WBP11 LARP7 GTPBP4 SRRM2 MRTO4 HNRNPM LIN28B XRN2 DKC1 THRAP3 PPIG CCDC86 SRSF3 PABPC4 SRSF5 SRSF6 SRSF7 SREK1 RBM25 LUC7L3 SRSF9 RAN KHDRBS1 DHX9 NIP7 SRRT SRSF1 LMNB1 CDC73 SPTY2D1 PNN EFTUD2 RUVBL1 DHX30 SRP72 BCLAF1 SNRPD2 ZNF629 RPL15 RPS5 SF3B2 LYAR RBM39 NOP16 RRP1B FTSJ3 GLTSCR2 U2SURP PRPF6 RSL1D1 KPNB1 PRPF8 MYBBP1A ACIN1 RBM28 TCERG1 DDX5 DDX23 DDX21 PPAN U2AF2 LARP1 TRA2A SNRNP70 DHX15 TRA2B SRSF11 RPS13 
11.814404,-6.7663674,MYZAP,RECQL5 POLR2F POLR2G GPN1 POLR2I RPAP2 POLR2J GPN2 
10.979714,-5.4763155,RANBP9,MKLN1 GID4 WDR26 RMND5A GID8 ARMC8 MAEA YPEL5 RANBP10 
21.77432,14.629817,YEATS4,MORF4L1 MORF4L2 VPS72 MEAF6 SRCAP ACTR6 MBTD1 JAZF1 BRD8 
12.479114,-4.896512,DYNC1LI1,DYNC1LI2 DYNLT1 SUGP1 EIF2A DYNC1H1 
7.705556,-1.1812445,U2AF2,RBM39 SAP30BP THOC2 PRPF4B PRPF40A SRRM2 PRPF8 THRAP3 PPIG SRSF3 RNPS1 ACIN1 SRSF5 SRSF6 SRSF7 SREK1 LUC7L3 SRSF9 SRRT SRSF1 DDX46 SRSF2 CDC73 EFTUD2 U2AF1L5 CWC22 SNRNP70 TRA2B LUC7L SRSF11 
0.46160734,4.2050066,RPS27,RPL36AL RPL3 RPL11 DDX47 RPL21 RPS9 RPL27A RPS5 ATP5C1 MINA RPS3 
0.6222005,3.188044,RPL27,TUFM NPM3 RPS8 RPL22 RPL21 RPS9 RPS7 RPS3A RPL3L RPS27 EBNA1BP2 RPL27A MTHFD1 FAU HNRNPC RPS20 RPS25 RPL26L1 RPL3 RPL30 RPL11 HSP90AB1 RPL10 RPLP2 RPL13 RPL34 HNRNPU NOLC1 RPF2 RPS4X RPS15 G3BP1 G3BP2 PES1 RPL37 RPS5 RPL14 RPL39 RPS3 RPS15A RPS27A 
11.922459,-5.9162135,SGF29,TAF5L ZZZ3 TADA2A DR1 DTNB C1ORF122 KIF2C SUPT20H RAB11FIP5 SUPT7L MBIP SUPT3H 
9.649113,-6.5881715,EMC7,EMC1 EMC2 EMC3 EMC10 EMC8 
12.306455,-4.5964937,TERF2IP,DCLRE1B ACD TERF1 TERF2 POT1 
7.9037523,-1.3458871,U2AF1L5,RBM39 DDX5 DDX46 PSIP1 THOC2 PRPF4B PRPF40A CDC73 EFTUD2 SRRM2 U2SURP PRPF8 THRAP3 SNRNP70 PPIG LUC7L SRSF6 SRSF11 LUC7L3 
21.74017,14.595638,EPC2,MORF4L1 MORF4L2 VPS72 MEAF6 YEATS4 ACTR6 MBTD1 JAZF1 BRD8 
0.29643,16.344755,MRPL57,MTERF3 MRPL19 MRPL28 MRPL48 MRPS18A MRPL38 MRPL24 MRPL13 MRPL47 MRPL14 MRPL22 MRPL55 MRPL34 MRPL4 MRPL10 MRPL32 MRPL21 MRPL43 MRPL3 MRPL30 MRPL2 MRPL9 ICT1 MRPL50 
11.2704935,-4.9287996,AFF4,AFF1 CCNT2 CCNT1 MLLT1 ELL2 ELL3 
14.2477,-10.305787,BUB3,BUB1B KCTD20 BTBD10 BUB1 CDC20 
16.125679,-4.0202537,MYO1E,SPECC1 ARHGAP21 MYO1C MYO5A MYH9 SORBS2 MYL6B SPTBN1 LIMA1 RAI14 SSH2 
10.934959,6.47467,ABT1,RRP8 DDX27 WHSC1 MPHOSPH10 CCDC137 DDX24 PAPD5 DDX31 FTSJ3 GNL2 GLTSCR2 DHX30 SRP72 LIN28B XRN2 NKRF POP1 ZNF512 LYAR GLYR1 RPS13 
8.924298,6.410651,ZNF574,SET DHX30 IMP3 ZKSCAN8 RPS5 GZF1 GLTSCR2 
0.57020634,16.633112,MALSU1,MRPL19 MRPL13 MRPL57 MRPL14 MRPL11 
10.656747,-3.9570656,IARS,AIMP2 DARS AIMP1 KARS QARS MARS RARS EEF1E1 
12.265991,-5.056546,GNAI1,GNG11 GNG4 GNB1 GNAT3 RGS14 RGS12 GNAI3 
11.982185,-4.9759116,SAAL1,EIF2B4 EIF2B3 XPO4 TNPO2 TNPO3 
15.708473,-6.2541537,ETFA,QDPR LYRM5 MPST C8ORF82 BPNT1 LDHAL6A SOD2 
0.43605322,2.5827734,IGF2BP1,RPL6 RPL3 RPL30 RPS8 RPL21 RPS9 RPL10 RPL13 HNRNPU RPL23A RPS3A RPL10A RPL7 EBNA1BP2 RPL27A RPL26 RPL14 RPL39 HNRNPC RPL27 
0.3034114,2.5979311,EEF2,TUFM NSUN2 RPS8 RPL22 RPL21 RPS9 RPS7 RPL23A RPS3A EEF1A1 RPL27A RPL27 RPS25 RPL6 RPL3 RPL30 RPL11 RPLP0 RPL10 RPL13 RPL12 HNRNPU YBX1 RPL10A RPL7 RPS4X RPS15 RPL14 RPS3 RPS15A RPS14 
0.7312175,16.805817,MRPL37,MRPL28 MRPL48 MRPS18A MRPL27 MRPL24 MRPL46 MRPL47 MRPL22 MRPL53 MRPL54 MRPL10 MRPL32 MRPL51 MRPL30 MRPL50 MRPL19 MRPL17 MRPL38 MRPL35 MRPL13 MRPL57 MRPL14 MRPL33 MRPL55 MRPL11 MRPL34 MRPL12 MRPL20 MRPL4 MRPL21 MRPL43 MRPL3 MRPL41 MRPL2 MRPL9 ICT1 
16.121265,-4.267508,BASP1,TES MYO1E SPECC1 PLEKHG3 ACTN4 MYO5C MYO5A MYO5B COBL TWF1 SPTBN1 SSH2 
16.29115,-17.491112,PSMB5,B4GALT4 AKIRIN2 PSMB3 PSME4 PSME2 UBFD1 FBXO7 PSMG2 PSME1 TTF2 PRSS3 PSMB9 
0.16013907,2.5567389,RPSA,SSB NSUN2 BTF3 RPS8 RPL22 RPL21 RPS9 RPS7 RPL35A RPL23A RPS3A RPS27 POR RPL27A EEF1G CANX RPL26 RPS21 TSR1 RPS20 RPL27 RPL6 RPL3 RPL30 RPL11 RPLP0 RPL10 RPLP2 RPL12 RPL34 HNRNPU YBX1 ATP5A1 RPL10A ATP5O RPL7 FBL RPS4X RPS15 RPS17 RPS5 RPL14 RPL39 RPS3 RPS15A RPS27A RPS14 
-0.7475917,1.8880178,RPS26,BTF3 RPS8 RPL22 RPL21 RPS9 EIF1AY RPL24 RPL23 RPS7 RPS3A RPSA RPL37A RPL26 FAU RPL27 RPL26L1 RPL11 RPL10 RPL13 RPL12 RPL36AL RPL15 RPS5 RPL14 RPS3 RPS15A HIST1H1A RPL18 RPS27A RPL23A EEF2 SRPK1 RPL3L RPS29 EBNA1BP2 RPL27A GRWD1 RPS20 RPS23 SLC25A6 SLC25A5 RPS25 RPL6 RPL31 RPL3 RPL4 RPL30 RPLP0 RPL35 RPLP2 RPL34 ATP5C1 RPL10A RPL9 RPL7 RPL8 RPS4X RPL18A RPS19 RPL37 RPL36 RPL39 RPS12 RPS11 RPL7A RPS14 RPS13 
6.728761,-4.9976273,MTA2,HDAC1 HDAC2 MBD2 RBBP4 MBD3 GATAD2A CDK2AP1 CHD4 MTA3 GATAD2B 
12.237024,-4.607363,MAGEA1,ANKRD17 MAGEB3 FBXL18 MAGEB4 HSPBAP1 ANKHD1 MAGEB6 
8.274245,-6.2233396,ZKSCAN4,ZNF397 ZSCAN30 ZBED9 ZNF174 SCAND1 ZKSCAN3 ZNF24 
10.7773485,-1.8538541,LSM4,CRELD2 SLU7 SPTB LSM5 SPTBN2 
9.689983,6.232008,NOC2L,DDX18 NIP7 MPHOSPH10 DDX56 CCDC137 DDX24 DDX10 DDX21 DDX31 FTSJ3 SDAD1 WDR36 RPF2 GTPBP4 MRTO4 DHX30 NSA2 EBNA1BP2 MYBBP1A DKC1 PES1 RRS1 GLYR1 NOP56 
-0.11949585,15.70604,MRPL19,TRUB2 MRPL53 MRPL54 MRPL21 MRPL52 ICT1 MTERF3 MRPL28 MRPL48 MRPL38 MRPL47 MRPL34 
0.9867832,17.06108,MRPL49,MRPL28 MRPS18A MRPL27 MRPL24 MRPL22 MRPL23 MRPL32 MRPL30 MRPL39 MRPL37 MRPL38 MRPL35 MRPL33 MRPL34 MRPL42 MRPL43 MRPL40 MRPL41 ICT1 GADD45GIP1 MTERF3 MRPL48 MRPL46 MRPL47 MRPL44 MRPL53 MRPL54 MRPL10 MRPL51 WBSCR16 MRPL50 TRUB2 MRPL19 MRPL17 MRPL18 MRPL15 MRPS30 MRPL16 MRPL1 MRPL13 MRPL57 MRPL14 MRPL55 MRPL11 MRPL12 NGRN MRPL20 MRPL4 MRPL21 MRPL3 MRPL2 MRPL9 
13.402741,-9.517113,COPS8,DDB2 CUL4B CUL4A COPS6 CUL3 COPS2 COPS7A 
10.293983,6.5663576,LTV1,RBM28 CCDC137 PURA RPS5 GLYR1 GTPBP4 
-0.13955306,2.7491076,TTC37,SND1 MPG RPS18 NPM3 RPL11 DDX47 RPL24 RPS5 SKIV2L ZNF622 RPL7 RPS25 
0.14808655,2.7714713,MYH7B,BTF3 RPL30 RPS8 RPLP0 TPM4 RPLP2 CKB RPL23A RPS3A RPS20 RPS3 
10.259925,-5.389483,UGGT2,ARSA NAGLU FUT11 CERCAM SGSH FOXRED2 
10.635576,-1.4947144,DHX8,AQR RAB43 PRPF19 NUDCD1 CCDC12 CACTIN 
10.370347,-8.071054,NEDD1,MZT2A TUBGCP2 TUBGCP3 TUBGCP6 TUBGCP4 TUBGCP5 MZT1 
11.64807,-6.365075,POLR3C,POLR3B CRCP POLR3D POLR1C POLR3H 
12.135579,-4.564769,USP46,RAD51AP1 PHLPP1 WDR48 PHLPP2 DMWD WDR20 
0.7414806,4.311418,RPS5,DHX30 RPL3 STAU2 DDX47 RPL21 RPL27A MINA LARP7 LYAR 
9.889509,-2.4907384,SMC1A,STAG1 RAD21 STAG2 CDCA5 CDC5L WAPL SMC3 
11.907987,-4.591191,LYPD3,REEP1 DPY19L1 USP24 SLC41A1 PHTF1 
9.354033,6.632052,RRP8,MYEF2 NOP16 IMP3 IMP4 DDX56 CCDC137 PAPD5 FTSJ3 GNL3 REXO4 LARP7 GLTSCR2 GTPBP4 MOV10 NSA2 EBNA1BP2 MYBBP1A DKC1 RPL7L1 GZF1 RBM28 ZNF771 DDX27 STAU2 DDX24 ZC3HAV1 DDX21 RPF2 DHX30 LLPH PES1 RRS1 
-6.4597063,7.095501,MED7,CDK19 MED4 MED9 MED17 MED27 MED6 MED12L MED29 MED13 MED23 MED26 MED14 MED25 MED31 MED20 MED22 
11.769867,-4.6416507,TMED2,TMED9 TMED4 TMED3 TMED1 TICAM2 TMED5 
28.348627,-1.2971891,C16orf62,COMMD9 COMMD10 COMMD3 COMMD4 CCDC22 CCDC93 VPS29 
-0.025168054,2.2491229,NPM1,SND1 NSUN2 RPS8 RPL22 RPL21 RPS9 LARP4B NAP1L1 RPS3A RPSA RPP25L RPL27 MPG RPL11 DDX47 RPL10 RPL13 RPL12 HNRNPU RRBP1 FBL EMG1 PDCD11 RPS5 RPL14 RPS3 RPS15A ZNF622 HIST1H1B NPM3 TEX10 H2AFV RPL35A RPL23A SCAF1 RPL3L RPS27 RPL27A RPS21 TSR1 RPS20 RPS25 HIST1H2BD RPL6 RPL3 RPL30 RPLP0 USP10 MUS81 RPL10A RPL7 RPS4X RPS15 RPS17 MTPAP G3BP1 RPL37 RPS14 
12.365264,-4.7171884,ING1,SAP130 BRMS1 SIN3A BRMS1L SUDS3 ARID4A SAP30 
16.049303,-4.0476656,PRKAR2B,AKAP13 AKAP1 AKAP14 AKAP7 PRKX AKAP2 
10.565968,6.6514573,CCDC86,RBM19 DDX31 GNL3 REXO4 LARP7 GTPBP4 MRTO4 NSA2 BOP1 LIN28B DKC1 RPL7L1 RPL26 POP1 ZNF512 ZCCHC9 NIP7 YTHDC2 ZC3HAV1 ZC3H8 RPF2 DHX30 SRP72 LLPH ZNF629 PURA RPL36A PES1 RPL15 RPS5 RPL17 RRS1 LYAR DDX18 C9ORF114 NOP16 MRPS26 SURF6 DDX56 CCDC137 PAPD5 MRPS22 RRP1B NOC3L FTSJ3 WDR12 GLTSCR2 RSL1D1 EBNA1BP2 MYBBP1A TSR1 NOL12 GZF1 GLYR1 NOP56 RPS24 RBM28 RRP8 ZNF771 DDX27 WHSC1 DDX24 DDX21 KRI1 TTF1 RRP9 LARP1 NKRF DHX57 BRIX1 NIFK RPS13 RBM34 
16.21854,-3.6307852,TMOD3,MYO1C UBXN2A AFAP1 ACTG1 MYH9 LRRFIP2 LIMA1 PPP1CB 
12.616822,-5.7221932,SEPT4,SEPT9 SEPT10 SEPT11 SEPT7 SEPT8 SEPT1 SEPT2 SEPT5 SEPT6 SEPT3 
0.60899216,3.9065223,RPL37,RPL36AL RPL3 RPL21 RPL27A FAU RPL39 RPS3 RPS15A 
0.67576677,16.745346,MRPL46,MTERF3 MRPL28 MRPL48 MRPS18A MRPL27 MRPL24 MRPL47 MRPL22 MRPL53 MRPL54 MRPL10 MRPL32 MRPL51 MRPL30 MRPL50 MRPL19 MRPL17 MRPL38 MRPL35 MRPL13 MRPL57 MRPL14 MRPL55 MRPL11 MRPL34 MRPL12 MRPL20 MRPL4 MRPL21 MRPL43 MRPL3 MRPL41 MRPL2 MRPL9 ICT1 RNMTL1 
9.358186,-1.6342653,SNRPD1,SF3B5 SF3A3 USP39 DDX17 DDX23 PSIP1 THOC2 PRPF40A CDC73 EIF2S2 WBP11 U2SURP PRPF6 PRPF8 PRPF19 CD2BP2 PRPF31 SNRPB2 SF3A1 SF3B2 
25.782248,-2.303069,CDH13,NAPB HPCA MAPT DPYSL3 VSNL1 ANK2 SNAP91 STX1B DNM1L SYN1 SNCB 
15.6162615,-6.117901,HIBCH,QDPR ACOT9 MACROD1 TBCA FAH 
21.68883,14.544291,EPC1,MORF4L1 MORF4L2 VPS72 TRRAP MEAF6 YEATS4 KAT5 MBTD1 EPC2 EP400 BRD8 
10.95517,6.492078,CEBPZ,DDX18 NOP16 IMP3 IMP4 SURF6 DDX56 CCDC137 DDX10 RRP1B NOC3L DDX31 GNL3 REXO4 GNL2 GTPBP4 MRTO4 RSL1D1 EBNA1BP2 MYBBP1A NOL10 POP1 ZNF512 RPS24 RBM28 DDX27 NVL NIP7 DDX24 DDX21 PPAN NOC2L KRI1 TTF1 RPF2 DHX30 LARP1 RPL15 RRP12 LYAR RPS13 RBM34 
15.976516,-4.431588,PPP1R9B,CFL2 ACTN1 TWF1 PPP1R9A CORO1C SSH2 
0.2096949,2.4325585,SRPK2,RPS4X RPS9 RPLP2 GRWD1 YBX1 RPL23A RPS3A 
0.66401696,3.4008138,RPL34,RPL3 RPL30 RPS8 RPL21 RPS9 RPL13 RPS3A RPS27 RPS15 RPL36AL EBNA1BP2 RPL27A RPL37 FAU RPL14 RPS21 RPL39 RPS20 RPS3 RPS15A RPS27A RPS25 RPL26L1 
16.046986,-4.329393,CFL2,ALDH5A1 CORO2A TIA1 MYO5C MYO5A MYO5B TWF1 CORO1C 
12.065403,-4.322742,ARPC2,ARPC1A ACTR3 ACTR2 ARPC3 ARPC1B 
9.628455,6.857947,WHSC1,MYEF2 IMP3 DDX56 CCDC137 PAPD5 NOC3L DDX31 GNL3 FTSJ3 REXO4 GTPBP4 GLTSCR2 NSA2 MYBBP1A EBNA1BP2 DKC1 RPL7L1 RPL26 GZF1 FYTTD1 RBM28 ZNF771 RRP8 DDX27 STAU2 NIP7 DDX24 ZC3HAV1 RPF2 DHX30 LLPH PES1 RRS1 LYAR 
8.724131,-2.873744,HNRNPH3,HNRNPM HNRNPK SFPQ HNRNPA1L2 EIF4H HNRNPAB 
11.214441,-4.9345403,SSBP2,LMX1B LDB1 LMO4 ISL1 ISL2 SSBP4 
8.85504,6.6360965,IGF2BP3,SND1 RPL3 DDX27 STAU2 RPS8 RPS9 DDX21 RPS3A GNL3 REXO4 EBNA1BP2 MYBBP1A DKC1 G3BP1 
8.027681,12.393486,NUP93,NUP205 RANBP2 NUP107 NUP214 NDC1 NUP153 RGPD8 NUP210 NUP160 AAAS NXF1 GLE1 TMEM214 NUP43 SUMO1 NUP85 NUP35 NUP88 
-0.0026224745,2.9181712,MPG,SND1 DDX47 RPL11 RPL23A RPL7 KBTBD4 RPS27 EMG1 RPL14 RPS5 TSR1 ZNF622 RPS25 
12.351661,-4.893337,GNA11,YES1 LYN GNB1 GNAQ GNB2 GNB4 EPHA2 
9.278591,6.543173,RPL26,RPS8 IMP3 RPL21 RPS9 NAP1L1 RPS3A GNL3 REXO4 GTPBP4 NSA2 DKC1 FAU RPL27 RPL26L1 STAU2 RPL13 NOLC1 ZC3HAV1 RPF2 DHX30 RPL36AL PES1 RPL36A RPL14 RRS1 RPS3 LYAR NOP16 PAPD5 MRPS22 RRP1B FTSJ3 GLTSCR2 EBNA1BP2 MYBBP1A GZF1 RPS25 FYTTD1 RBM28 RPL6 ZNF771 RPL3 DDX27 RPL30 RPLP2 DDX24 RPL34 YBX1 DDX21 RRP9 RPL7 LARP1 RPS15 RPS4X DHX57 RPL39 IGF2BP3 
0.51823676,2.7464993,NAP1L1,UTP15 RPS8 RPL22 RPL21 RPS9 RPS7 RPS3A RPL27A RPL27 RPL6 RPL3 RPL30 RPL10 RPLP2 RPL13 HNRNPU YBX1 NOLC1 RPL7 RPS15 RPL36AL PES1 RPL14 RPL39 RPS15A 
11.843051,-5.1102037,ANKRD52,PPP6C DCLRE1C ANKRD28 PPP6R1 PPP6R2 
7.959478,12.476259,NDC1,NUP205 NUP107 UBE2I NUP153 NUP210 NUP160 NXF1 GLE1 TMEM214 SUMO1 NUP43 NUP35 RCC1 
0.5684277,4.139921,RPS3,TUFM RPL3 DDX47 RPL21 RPS9 ATP5C1 RPF2 RPS17 RPL27A G3BP1 PES1 FAU RPS5 HNRNPC RPS15A 
25.747808,-2.3728952,HIST1H2BL,GRIA2 HPCA CAMK2A CRMP1 NCALD SYN1 L1CAM GNG2 CALB2 MAPT DPYSL3 VSNL1 CDH13 AMPH STX1B SNCB 
25.702652,-2.3211393,AMPH,NAPB GRIA2 HPCA CAMK2A NCALD ANK2 SNAP91 DCLK1 SYN1 L1CAM MAPT DPYSL3 DPYSL4 VSNL1 CDH13 RAB6B STX1B DNM1L SNCB 
16.250029,-3.8322434,LUZP1,MYO1C MYO5A MYH9 SORBS2 CORO1C AKAP2 DBN1 
15.786916,-5.8882446,GSR,FUBP1 MDH2 UBE2F FUBP3 HSD17B14 
11.6045685,-4.6758585,TUBB2A,TUBB ARL2 EML1 EML2 TUBA4A 
0.51290995,2.9528027,RPL23A,TUFM SND1 RPS8 RPL22 RPL21 RPS9 RPS7 NAP1L1 RPS3A MTHFD1 RPL26 FAU RPL27 RPL26L1 RPL11 DDX47 RPL10 RPL13 HNRNPU RRBP1 RPF2 RPL36AL PES1 RPS5 RPL14 RPS3 RPS15A ZNF622 RPS27A NPM3 MINA RPL3L RPS27 EBNA1BP2 RPL27A HADHA CANX TSR1 RPS20 SLC25A6 RPS25 RPL6 RPL3 RPL30 HSP90AB1 RPLP2 RPL34 YBX1 RPL10A RPL7 RPS4X RPS15 G3BP1 RPL37 RPL39 IGF2BP3 
10.717364,6.6617513,ZNF768,NOP16 MRPS26 SURF6 DDX54 RRP1B FTSJ3 GNL2 GLTSCR2 GTPBP4 NSA2 EBNA1BP2 MYBBP1A DKC1 RPL26 POP1 ZNF512 RBM28 DDX27 STAU1 NOP2 ZC3HAV1 DDX21 PPAN ZC3H8 KRI1 DHX30 DHX57 ZNF629 PURA BMS1 RPL15 RRP15 RPS5 BRIX1 RPL17 LYAR RPS13 RBM34 
25.830996,-2.2210066,SNCB,NAPB PPP3R1 HPCA MAPT STX1B SYN1 
10.370777,-8.071792,MZT2B,NEDD1 MZT2A NME7 TUBGCP2 TUBGCP3 TUBGCP6 TUBGCP4 TUBGCP5 MZT1 
16.02615,-4.3826246,SIPA1,MYO1E MYO5C ACTN1 MYO5B TWF1 SSH2 
12.537523,-4.8158484,AP3S1,AP3M2 RNF13 AP3D1 AP3B1 AP3M1 
10.657769,-3.9599464,RARS,AIMP2 DARS AIMP1 QARS MARS EEF1E1 
11.974883,-4.4597163,SMC6,NSMCE4A SLF2 NSMCE3 NSMCE2 NSMCE1 SMC5 
8.397304,-7.2794633,TFPT,YY1 INO80C INO80E ACTR5 NFRKB 
-1.6497792,-7.696267,SMARCE1,SS18L1 BCL7B ARID1A BRD7 SMARCA4 
0.38657752,3.3116415,NPM3,SND1 RPS8 DDX47 RPL10 RPL13 TSR1 
11.620319,19.850916,EXOSC4,EXOSC8 EXOSC7 EXOSC10 EXOSC6 EXOSC5 C1D DIS3 DIS3L EXOSC2 MPHOSPH6 EXOSC1 
11.658206,-5.479201,NDUFS6,NDUFA7 NDUFB7 NDUFA12 GOLT1B NDUFA2 NDUFS1 NDUFV2 NDUFV1 
15.718119,-4.3290687,TPM1,MYO1B TPM4 DLG5 TPM3 ACTN2 TPM2 MPRIP MYH6 CNTLN TNNI1 KLHL21 MYH8 
-0.9132763,1.9938803,EEF1B2,TUFM BTF3 RPS8 RPL22 RPL21 RPS9 RPS6 RPL23 RPS7 RPL13A RPS3A EEF1A2 EEF1A1 EEF1D MTHFD1 EEF1G RPL27 NHP2 RPL11 RPL10 RPL13 RPL12 HNRNPU ATP5A1 RPS27L PES1 RPL14 RPS3 RPS15A RPL18 RPL23A NACA2 EEF2 RPS26 RPL27A HADHA RPS20 RPS23 NOP10 EIF3B RPS25 RPL6 RPL31 RPL3 RPL4 RPL30 VARS RPLP0 HSP90AB1 RPL32 RPL35 RPLP2 RPLP1 YBX1 RPL10A RPL9 RPL7 RPL8 RPS16 RPS4X RPS15 RPS18 RPL18A RPS19 RRP15 IGF2BP1 RPL36 RACK1 RPS11 RPL7A RPS14 RPS13 
0.022956083,15.906984,MRPL3,MTERF3 MRPL19 MRPL28 MRPL48 MRPL38 MRPL47 MRPL34 MRPL12 MRPL4 MRPL54 MRPL32 MRPL21 MRPL43 MRPL52 MRPL9 ICT1 
0.5821577,4.056365,RPS20,TUFM RPL3 RPL11 RPL21 RPS9 RPL3L RPS27 RPL27A G3BP1 PES1 FAU RPS5 RPS3 RPS15A 
-0.8433916,1.7797618,RPS6,TUFM SND1 RPS8 RPL22 RPL21 RPS9 RPL24 RPL23 RPS7 RPSA EEF1A1 MTHFD1 RPL26 FAU RPL27 RPL26L1 RPL11 RPL10 RPL13 RPL12 HNRNPU NOLC1 RRBP1 NOL6 FBL RPL36AL PES1 RPL15 RPS5 RPL14 RPS3 RPL18 MYH7B NACA2 MINA EEF2 EIF2S1 RPL3L PUM3 RPS27 RPS26 RPS29 RPL27A NCL RPS20 RPS23 RPS25 RPL6 RPL31 RPL3 RPL4 RPL30 RPL35 RPL34 SRP14 RPL9 RPL7 RPL8 RPS15 RPS18 RPS17 RPS19 G3BP1 RPL37 RPL36 RPL39 RPS12 RPS11 RPS14 RPS13 EIF5B NSUN2 BTF3 NAP1L4 RPL13A NAP1L1 RPS3A RPL37A NAT10 PABPC1 DDX47 RPF2 HIST1H1E RPS15A ZNF622 RPS27A NOP58 NPM1 NPM3 RPL35A RPL23A EBNA1BP2 TSR1 SLC25A5 EIF3B RPLP0 HSP90AB1 RPLP2 YBX1 YBX3 RPL10A RPS4X RPL18A RRP15 IGF2BP1 RACK1 RPL7A RBM34 
0.27294177,2.5310435,RPS14,TUFM SND1 NSUN2 RPS8 RPL22 RPL21 RPS9 RPS7 RPS3A MTHFD1 RPL26 FAU HNRNPC RPL27 RPL11 DDX47 RPL10 RPL13 HNRNPU RRBP1 FBL RPL36AL MTHFD1L PES1 RPS5 RPL14 RPS3 RPS15A ZNF622 RPS27A HIST1H1B RPL35A RPL23A RPS27 EBNA1BP2 RPL27A HADHA TSR1 RPS20 UBA52 SLC25A6 SLC25A5 RPS25 RPL6 RPL3 RPL30 RPLP2 RPL34 YBX1 ATP5C1 SRP14 RPL10A RPL7 RPS4X RPS15 RPS17 G3BP1 G3BP2 RPL37 
8.602062,-2.1819117,EIF4A3,DDX3X HNRNPK DDX17 CCDC9 RBM8A PABPN1 CASC3 
-1.0461129,2.0501094,PA2G4,NSUN2 RPS8 RPL22 RPL21 RPS9 RPS6 RPL24 EIF1AX RPL23 RPL13A RPS3A RPSA RPL37A RPL27 MPG RPL11 RPL10 RPL13 RPL12 TRMT112 RPL15 RPS5 RPL14 RPS3 RPS15A ZNF622 RPL35A RPL23A EIF2S1 RPS27 RPS26 RPL27A RPS23 RPS25 RPL6 RPL31 RPL3 RPL4 RPL30 RPLP0 RPL32 RPL35 RPL10A RPL9 RPL7 RPL8 RPS16 RPS4X RPS15 RPS18 RPL18A G3BP1 RPL36 IGF2BP3 RACK1 RPS12 RPS11 RPL7A RPS14 RPS13 
0.6181508,16.684454,MRPL41,MTERF3 MRPL28 MRPL48 MRPS18A MRPL27 MRPL24 MRPL47 MRPL22 MRPL54 MRPL10 MRPL32 MRPL51 MRPL30 WBSCR16 MRPL50 TRUB2 MRPL19 MRPL17 MRPL38 MRPL35 MRPL13 MRPL57 MRPL14 MRPL55 MRPL11 MRPL34 MRPL12 MRPL20 MRPL4 MRPL21 MRPL43 MRPL3 MRPL2 MRPL9 ICT1 
16.147589,-3.9717467,COBL,ABLIM1 MYO5C PACSIN3 NEXN MYO5B MISP SPTBN1 CORO1C PPP1CB 
11.749361,-4.622953,EXOC2,EXOC5 EXOC4 EXOC6B EXOC7 EXOC6 EXOC3 
0.6553131,4.2418675,RPS15A,RPL3 DDX47 RPL21 RPS9 RPL27A G3BP1 PES1 FAU RPS5 MINA RPF2 
8.872372,6.443839,DDX10,DHX30 ZNF771 NOP16 IMP3 DDX21 GZF1 GNL3 LARP7 NOP56 
-0.18879914,3.3605201,ATP5O,TUFM UQCRC2 ATP5C1 ATP2A2 ATP5J 
10.730182,6.4142227,NVL,UPF1 IMP3 IMP4 DDX31 GNL3 REXO4 GNL2 GTPBP4 MRTO4 NSA2 LIN28B DKC1 RPL7L1 RPL26 CCDC86 POP1 ZNF512 STAU2 NIP7 YTHDC2 ZC3HAV1 RPF2 DHX30 HERC5 SRP72 LLPH RPL36A PES1 RPL15 RPS5 RPL17 RRS1 LYAR DDX18 MYEF2 NOP16 SURF6 DDX56 CCDC137 PAPD5 NOC3L FTSJ3 GLTSCR2 MOV10 RSL1D1 EBNA1BP2 MYBBP1A NOL12 GZF1 GLYR1 NOP56 RPS24 FYTTD1 RBM28 RRP8 DDX27 WHSC1 DDX24 DDX21 ZNF22 PPAN TTF1 RRP9 LARP1 C7ORF50 NKRF DHX57 BRIX1 IGF2BP3 NIFK RPS13 RBM34 
12.321218,-4.476625,CSPP1,KIAA1328 GAN CCDC138 CCDC14 FGFR1OP 
7.8035884,-1.3075681,ARGLU1,RBM39 THRAP3 SNRNP70 TRA2B PRPF4B SRSF6 SRSF11 LUC7L3 SRRM2 
0.47247314,3.0880086,EIF3B,RPL3 RPL30 NPM3 RPS8 RPLP0 HSP90AB1 RPL21 RPL10 RPLP2 RPL13 RPS3A MTHFD1 RPS15A EIF3D RPS13 
9.681341,-1.7760391,PRPF3,CPSF6 SF3B3 DDX23 TFIP11 WBP11 SNU13 SART1 XAB2 PRPF6 PRPF8 PRPF19 PLRG1 SNRPD2 CD2BP2 PRPF31 TUT1 RBM25 SF3B2 SMNDC1 
14.47902,-10.358558,MAGIX,TJP1 CDC23 ANAPC16 CDC26 CDC27 CDC16 ANAPC5 ANAPC2 
7.9617596,12.475516,NUP98,GLE1 NUP205 NUP107 NUP43 NUP35 NUP153 NUP160 NUP37 
0.5321252,4.082353,TSR1,DHX30 RPS27 RPL3 MYBBP1A RPS17 RPL11 DDX47 RPS9 RPS5 RPS3 RPS15A LYAR 
25.757395,-2.4381483,RAB3A,GRIA2 HPCA SYT1 CAMK2A HIST1H2BL CRMP1 NCALD VWA5B2 SYTL4 L1CAM SYN1 GNG2 CALB2 MAPT VSNL1 RAB14 CDH13 AMPH STX1B SNCB 
10.6849985,-4.875301,BMI1,RNF2 CBX7 PHC3 PHC2 RING1 CBX4 
3.039791,-15.2308,MRPS31,DAP3 MRPS27 MRPS28 MRPS17 MRPS25 MRPS14 MRPS26 MRPS23 MRPS35 MRPS21 MRPS22 MRPS33 MRPS18B MRPS11 MRPS2 MRPS7 MRPS9 
21.73113,14.586608,TRRAP,MORF4L1 MORF4L2 VPS72 YEATS4 MEAF6 MBTD1 EPC2 JAZF1 BRD8 
13.429587,-9.510404,LRR1,COPS4 COPS6 COPS3 COPS2 CUL2 
9.187556,-8.384579,CCT4,CCT6B TUBA3E CCT2 CCT8 TXNDC9 
7.7493477,-1.2961588,TRA2B,RBM39 DDX46 PNN SRRM2 THRAP3 SNRNP70 PPIG SRSF3 ACIN1 SRSF5 TRIM28 SRSF6 SRSF7 SRSF11 LUC7L3 
16.291449,-3.9989529,CALM1,MYO1C ACTN4 TPM4 MYO5C MYH9 SORBS2 SSH2 
0.44950643,3.2714431,MTHFD1,RPL3 RPL30 RPS8 RPL21 RPS9 RPL10 RPL13 RPS3A RPS4X RPL27A RPL14 RPS20 RPS3 RPS15A 
9.632329,-6.6022406,EMC4,MMGT1 EMC1 EMC2 EMC3 EMC10 EMC6 EMC7 EMC8 
8.745645,-2.054229,DDX17,HNRNPM DDX3X PRPF8 HNRNPK SF3A3 USP39 DDX5 SRSF5 PRPF40A CDC73 
10.317968,-5.3629527,MEGF8,MGRN1 FUT11 CERCAM PLXNA1 SGSH FOXRED2 
9.58089,6.7783484,DDX31,UPF1 IMP3 GNL3 REXO4 LARP7 GTPBP4 MRTO4 NSA2 DKC1 RPL7L1 RPL26 RPL26L1 STAU2 NIP7 ZC3HAV1 RPF2 DHX30 HERC5 LLPH RPL36A PES1 RPS5 RPL17 RRS1 LYAR MYEF2 C9ORF114 NOP16 DDX56 CCDC137 PAPD5 RRP1B NOC3L FTSJ3 GLTSCR2 MOV10 EBNA1BP2 MYBBP1A NMNAT1 TSR1 GZF1 NOP56 FYTTD1 RBM28 RRP8 ZNF771 DDX27 MPHOSPH10 DDX24 DDX21 RRP9 LARP1 IGF2BP3 
10.740579,6.409743,PPAN,UPF1 IMP3 IMP4 RBM19 DDX31 GNL3 REXO4 GNL2 LARP7 GTPBP4 MRTO4 NSA2 BOP1 LIN28B XRN2 DKC1 RPL7L1 RPL26 CCDC86 PABPC4 POP1 ZNF512 RPL26L1 STAU2 NIP7 ZC3HAV1 ZC3H8 SPTY2D1 RPF2 DHX30 HERC5 SRP72 LLPH PURA PES1 RPL15 GAR1 RPS5 RPL17 RRS1 SF3B2 LYAR DDX18 NOP16 MRPS26 SURF6 DDX56 CCDC137 PAPD5 MRPS22 RRP1B NOC3L FTSJ3 GLTSCR2 MOV10 RSL1D1 EBNA1BP2 MYBBP1A TSR1 NOL12 GZF1 ZCCHC3 GLYR1 NOP56 RPS24 FYTTD1 RBM28 RRP8 ZNF771 DDX27 WHSC1 MPHOSPH10 DDX24 DDX21 ZNF22 KRI1 TTF1 RRP9 LARP1 C7ORF50 NKRF DHX57 BMS1 BRIX1 RRP12 NIFK RPS13 RBM34 
11.792577,-5.1909256,TRAPPC1,TRAPPC2L TRAPPC8 TRAPPC5 TRAPPC11 TRAPPC2B TRAPPC12 
-0.1597859,2.423453,BYSL,RPS15 NPM1 RPS8 DHPS NOC4L PARN TSR1 RPS3A RPS3 ZNF622 FBL RPS13 
8.824929,-2.7911513,HNRNPA1,HNRNPAB ADAR ILF3 PPWD1 SAFB ACLY SYNCRIP HNRNPK HNRNPL RBM3 HNRNPA2B1 HNRNPH1 HNRNPH2 HNRNPF HNRNPH3 HNRNPA1L2 EIF4H ZNF326 HNRNPA3 
9.626229,-6.6035795,EMC10,MMGT1 EMC1 EMC2 EMC3 EMC6 EMC8 
12.209248,-4.8818936,EIF4E,EIF4ENIF1 TPPP3 ARPC2 EIF4EBP1 ANGEL1 ARPC5 EIF4G3 
9.320484,-1.8767409,PPM1G,PRPF8 WTAP SNRPD2 SRRT SNRPD1 WBP11 EFTUD2 
8.720472,-2.7992918,FUS,PICALM HNRNPM HNRNPL HNRNPH3 EWSR1 
10.301187,6.5981727,XRN2,MYEF2 NOP16 SURF6 CCDC137 SEPT2 PAPD5 MRPS22 NOC3L DDX31 FTSJ3 REXO4 GLTSCR2 GTPBP4 MOV10 EBNA1BP2 LIN28B MYBBP1A DKC1 PXDN RPL26 PABPC4 GLYR1 RPL26L1 RBM28 ZNF771 DDX27 STAU2 NIP7 DDX24 ZC3HAV1 DDX21 CDKN2AIP DHX30 LARP1 PURA RPL15 GAR1 BRIX1 RPL17 IGF2BP3 RPS13 
10.617518,-1.5275917,AQR,RAB43 PRPF19 DHX35 CCDC12 ZNF830 
13.520295,-9.574124,CUL3,KBTBD6 BTBD1 KCTD20 KLHL13 RBX1 KLHL42 
11.899634,-4.811936,GTF2H1,ERCC3 GTF2H2 GTF2H3 GTF2H4 GTF2H5 
16.374334,-17.575027,PSMG2,PSMB7 PSMA7 PSMA5 PSMB6 PSMB3 PSMA2 PSMB1 PSME4 PSMA1 PSMG4 FBXO7 
9.398921,6.4514017,BUD13,ZNF770 IMP3 GPKOW DDX10 GZF1 
0.72400814,16.796318,MRPL39,MRPL28 MRPL48 MRPS18A MRPL27 MRPL24 MRPL46 MRPL47 MRPL22 MRPL53 MRPL54 MRPL10 MRPL32 MRPL51 MRPL30 MRPL52 WBSCR16 MRPL50 TRUB2 MRPL19 MRPL17 MRPL37 MRPL38 MRPL35 YARS2 MRPL13 MRPL57 MRPL14 MRPL33 MRPL55 MRPL11 MRPL34 MRPL12 MRPL20 MRPL4 MRPL21 MRPL43 MRPL3 MRPL41 MRPL2 MRPL9 ICT1 RNMTL1 
25.89688,-2.4723415,CNTN1,DPYSL3 VSNL1 HIST1H2BL NCALD STX1B SYN1 SNCB 
-0.49064422,1.9182391,RPS11,EIF5B SSB TUFM BTF3 RPS8 RPL22 DIMT1 RPL21 RPS9 RPL24 RPL23 RPS7 RPS3A RPSA EEF1A1 MTHFD1 EEF1G RPL26 FAU RPL27 RPL11 RPL10 RPL13 RPL12 HNRNPU ATP5A1 RRBP1 RPL36AL PES1 RPL15 RPS5 RPL14 RPS3 RPS15A RPL18 RPS27A HIST1H1C NPM1 RPL35A RPL23A EIF2S1 RPS27 RPL27A RPS20 UBA52 RPS23 SLC25A5 RPS25 RPL6 RPL3 RPL30 RPLP0 HSP90AB1 RPL35 RPLP2 RPL34 YBX1 SRP14 RPL10A RPL9 RPL7 RPS4X RPS15 RPS19 RPL37 RPL36 RPL39 RACK1 RPS12 RPL7A RPS14 RPS13 
3.1593697,-15.116504,MRPS16,DAP3 MRPS27 MRPS28 PTCD3 MRPS14 MRPS25 MRPS26 MRPS15 MRPS23 MRPS34 MRPS35 MRPS24 MRPS21 MRPS18C MRPS33 MRPS11 MRPS22 MRPS18B MRPS2 MRPS31 MRPS7 MRPS6 MRPS5 MRPS9 
12.590543,-5.728967,SEPT8,SEPT9 SEPT11 CDC42EP4 SEPT2 SEPT5 SEPT6 
0.52595264,16.58438,MRPL17,MTERF3 MRPL28 MRPL48 MRPS18A MRPL27 MRPL24 MRPL47 MRPL22 MRPL53 MRPL54 MRPL10 MRPL32 MRPL51 MRPL30 MRPL52 WBSCR16 MRPL50 TRUB2 MRPL19 MRPL38 MRPL35 YARS2 MRPL13 MRPL57 MRPL14 MRPL55 MRPL11 MRPL34 MRPL12 MRPL4 MRPL21 MRPL43 MRPL3 MRPL2 MRPL9 ICT1 
16.359379,-17.559929,PSMB9,PSMB7 PSMA7 PSMA5 PSMB3 PSMA2 PSMB1 PSME4 PSMA1 PSME2 PSMG2 PSMG3 PSMB10 
0.004276765,2.5080283,RPL29,RPS4X NPM1 RPL10 RPL9 RPS25 
8.428961,-7.485483,UBE3A,PSMC6 PSMD13 PSMD7 PSMD12 PSMD14 PSMC2 PSMC3 PSMD1 
15.926121,-6.258571,SRI,PCMT1 HINT1 TPI1 MPI SOD1 
11.53619,-5.625779,NDUFB1,NDUFA8 ECSIT NDUFS8 NDUFA5 NDUFS7 NDUFS5 NDUFS3 NDUFS2 NDUFV1 
9.853677,-5.5830026,CDK1,CDKN1B CDKN1C CKS1B PKMYT1 SKP2 
-0.35360077,2.300894,VARS,EEF1A2 EEF1A1 PFKL EEF1D EEF1G 
28.333565,-1.2848727,FAM45A,COMMD9 COMMD10 COMMD3 COMMD4 CCDC22 COMMD2 CCDC93 VPS29 
7.767852,-1.0544208,IPO7,SRSF1 PSIP1 U2AF2 PRPF40A SRRM2 KPNB1 BCLAF1 SNRPD2 TRA2B ZC3H18 RNPS1 SRSF6 SRSF7 RBM25 
7.764302,-1.4096214,SREK1,DDX46 PRPF4B RNPS1 SRSF4 SRSF6 SRSF7 SRSF11 LUC7L3 U2AF1L5 
10.822327,-5.8388486,USE1,ZW10 NBAS SCFD2 SCFD1 STX18 RINT1 BNIP1 
-6.4311194,7.02587,MED12,CDK19 MED4 MED9 MED17 MED27 MED6 MED7 MED12L MED29 MED13 MED23 MED15 MED14 MED25 MED31 MED20 MED22 
8.904732,-2.7085748,SAFB2,KHDRBS1 ZNF638 ZNF326 RBMX HNRNPA3 HNRNPA1 SAFB 
6.719645,-5.018101,MTA3,HDAC2 MBD2 MBD3 ZBTB2 GATAD2A CDK2AP1 RBBP7 CHD4 GATAD2B 
12.302369,-4.6814284,GDPD1,ORM2 ORM1 HBB HP APOA2 CP CFB 
10.707329,-6.838531,CENPI,CENPU CENPH CENPK CENPM CENPN CENPO CENPP CENPQ ITGB3BP CENPT 
0.60406643,3.8109064,USP10,RPS27 RFC4 RPS9 G3BP1 G3BP2 RPS5 TSR1 RPS3 
8.994143,6.7345767,RPL36A,RBM28 DDX27 NOP16 STAU2 DDX24 DDX21 GNL3 REXO4 DHX30 EBNA1BP2 MYBBP1A PES1 RPS5 LYAR RPL26L1 
-1.7160273,-7.757387,SMARCD1,SS18L1 SMARCD2 SMARCD3 PBRM1 ACTL6A SMARCE1 ARID1A GLTSCR1 SMARCA2 SMARCA4 TBL1XR1 BCL7B DPF2 DPF3 BRD7 
11.304994,-4.966698,SSBP3,LMX1B LDB1 LMO4 LHX1 SSBP2 ISL1 SSBP4 ISL2 
12.62076,-5.730454,SEPT10,SEPT9 SEPT11 SEPT7 SEPT8 CDC42EP4 SEPT2 SEPT5 SEPT6 
10.65501,-1.5962361,CRNKL1,AQR ISY1 DHX8 BUD31 CDC5L CWC15 EFTUD2 XAB2 SNW1 SNRNP40 RAB43 PRPF19 PLRG1 DHX35 GPATCH1 CCDC12 CACTIN SLU7 SNRNP200 ZNF830 PPIE RBM22 BCAS2 
8.808317,6.3595757,DDX24,NOP16 IMP3 IMP4 PAPD5 MRPS22 MINA GNL3 REXO4 LARP7 WDR12 GLTSCR2 EBNA1BP2 MYBBP1A DKC1 TSR1 GZF1 NOP56 RPL26L1 RBM28 ZCCHC9 ZNF771 DDX27 STAU2 MPHOSPH10 DDX21 RRP9 RPF2 DHX30 RPS17 PES1 RPS5 RRS1 IGF2BP3 LYAR 
6.7255025,-5.0158057,CHD3,HDAC2 MBD2 RBBP4 MBD3 ZNF219 ZBTB2 GATAD2A RBBP7 CDK2AP1 CHD4 MTA3 GATAD2B 
15.796146,-6.2573786,FABP5,HINT1 FH GOT2 TAGLN2 TAGLN3 GLRX HSPE1 SOD2 
16.017204,-4.342328,CORO1B,PLEKHG3 ACTG1 CFL1 MYO5B CWC27 SPTBN1 CORO1C SSH2 
12.368227,-4.6752253,PIK3R2,PIK3CB PIK3R1 PIK3CA WDR6 PIK3R3 
0.4056557,2.6303542,SRP14,RPL6 SRP9 RPL3 RPL30 RPS8 RPL11 RPS9 RPL21 RPL10 RPLP2 RPL13 RPS7 YBX1 HNRNPU RPL10A NAP1L1 RPS3A RPL7 RPL27A RPL14 RPL27 RPS15A 
7.654229,-1.0528586,SRSF10,RBM39 SRSF1 DDX46 U2AF2 SRRM1 PNN SRRM2 BCLAF1 TRA2A THRAP3 TRA2B LUC7L SRSF3 PPIG SRSF4 RNPS1 SRSF5 ACIN1 SRSF6 SREK1 SRSF7 SRSF9 ARGLU1 LUC7L3 
7.68895,-1.2897202,THRAP3,RBM39 LUC7L PPIG SRSF3 SRSF4 ACIN1 SRSF6 SRSF7 SRSF11 PNN LUC7L3 SRRM2 
8.001965,-1.028969,PUF60,CPSF6 NCBP1 PRPF4B PRPF40A SRRM1 SRRM2 HNRNPM SNRPA MSH6 SRSF3 CD2BP2 PPIG SRSF4 SRSF5 SRSF6 SREK1 SRSF7 RBM25 SRSF9 LUC7L3 RAN DDX3X DHX9 SRRT SRSF1 DDX46 PSIP1 LMNB1 SNU13 CDC73 U2AF1L5 EFTUD2 BCLAF1 SNRPD2 RBM39 RANBP2 DDX17 THOC2 U2SURP KPNB1 PRPF8 RNPS1 ACIN1 SNRNP200 TCERG1 DDX5 U2AF2 TRA2B DHX15 SRSF11 ARGLU1 
3.1700976,-15.106797,MRPS6,DAP3 MRPS27 MRPS28 PTCD3 MRPS17 MRPS14 MRPS25 MRPS26 MRPS34 MRPS23 MRPS35 MRPS18C MRPS21 MRPS33 MRPS11 MRPS22 MRPS18B MRPS2 ERAL1 MRPS31 MRPS7 MRPS5 MRPS9 
8.417659,-7.498555,PSMD9,PSMD13 PSMD7 PSMD8 PSMD5 PSMD14 PSMD3 PSMC2 PSMC3 PSMD4 PSMD1 
16.019924,-4.373952,PLEKHG3,MYO5C CFL2 MYO5A ACTG1 CFL1 MYO5B TWF1 CORO1C SSH2 
11.228795,-4.7911186,LTBR,CCDC113 HDAC5 CCDC121 ODF2 SPATS2 TRAF1 PRC1 TRAF3 THAP3 SKI SPATS2L CEP95 TNIK 
8.478576,6.182136,DDX21,RBM28 ZCCHC9 ZNF771 STAU2 IMP3 IMP4 MPHOSPH10 PAPD5 MINA LARP7 RPF2 DHX30 EBNA1BP2 MYBBP1A DKC1 PES1 RPS5 TSR1 GZF1 LYAR NOP56 
10.016642,6.47384,RPL15,SSB TUFM RPS8 IMP3 IMP4 RPL21 RPS9 RPS7 RPSA LARP7 GTPBP4 MRTO4 LIN28B DKC1 RPL7L1 RPL26 FAU RPL27 RPL26L1 STAU2 RPL11 NIP7 RPL13 RPL12 NOLC1 DHX30 HERC5 PURA PES1 RPL14 RPL17 RPS3 NOP16 SURF6 DDX56 CCDC137 EEF2 FTSJ3 GLTSCR2 RPL3L RPS27 MOV10 RPL27A RPS20 NOL12 RPS25 RPS24 RPL6 RRP8 ZNF771 RPL3 ZNF770 RPL30 WHSC1 RPL35 MPHOSPH10 RPL34 RPL7 RRP9 LARP1 RPS15 G3BP1 BRIX1 RPL39 RPS14 NSUN2 DDX31 RPS3A GNL3 REXO4 NSA2 EEF1G PABPC4 YTHDC2 ZC3HAV1 RPF2 LLPH RPL36A RRS1 RPS15A RPS27A LYAR MYEF2 MRPS26 RPL35A PAPD5 MRPS22 RPL23A RRP1B NOC3L EBNA1BP2 MYBBP1A GZF1 SLC25A6 SLC25A5 NOP56 RBM28 DDX27 RPLP0 RPLP2 DDX24 YBX1 DDX21 RPL10A RPS4X DHX57 IGF2BP1 IGF2BP3 
16.114973,-3.6914692,ACTB,GSN ACTR3 SPECC1 LIMCH1 PPP1R12A SVIL TPM4 TMOD3 DAPK3 AFAP1 MYO5A COBL SORBS2 LIMA1 MYO1E ST5 ACTA1 MYO1C CTTN CAPZA2 SPECC1L MYH9 CEP162 CAPZA1 DBN1 PPP1R18 ARHGAP11A FLII LUZP1 NEXN SIPA1L3 AKAP2 TPRN ABLIM1 MYO6 MYO18A LRRFIP2 MISP SPTBN1 
8.785937,6.515988,RPL26L1,NOP16 RPS8 RPL21 RPS9 PAPD5 MRPS22 RPS3A GNL3 GLTSCR2 EBNA1BP2 MYBBP1A DKC1 RPL27A FAU GZF1 RBM28 ZNF771 DDX27 RPL3 RPL30 RPLP2 RPL13 DDX21 NOLC1 RPF2 DHX30 RPL36AL RPL37 RPL14 RPL39 RRS1 LYAR 
2.966763,-15.301152,MRPS17,DAP3 MRPS27 MRPS28 MRPS14 MRPS25 MRPS26 MRPS23 MRPS35 MRPS21 MRPS33 MRPS11 MRPS22 MRPS18B MRPS2 ERAL1 MRPS7 MRPS9 
10.803729,-5.8987875,COG5,COG8 COG7 COG6 COG4 COG3 COG2 COG1 
9.997953,-4.472563,STON2,FCHO2 AP2B1 BMP2K AAK1 AP2A1 PIK3C2A AP2M1 
-6.3381977,6.8190246,MED19,MED4 MED9 CCNC MED17 MED27 MED16 MED6 MED7 MED12L MED18 MED29 MED24 MED13 MED12 MED23 MED26 MED15 MED14 MED25 MED31 MED20 MED22 
11.338951,-4.7232833,HAUS1,HAUS5 HAUS4 HAUS6 HAUS3 HAUS2 
-1.0835636,1.866857,RPL19,SSB TUFM SND1 SUPT16H RPS8 RPL22 RPL21 RPS9 RPS6 RPL24 EIF1AX RPL23 RPS7 RPSA EEF1A1 SERBP1 MTHFD1 RPL26 FAU HNRNPC RPL27 RPL26L1 MPG RPL11 RPL10 RPL13 RPL12 HNRNPU NOLC1 RRBP1 FBL RPL36AL PES1 RPL15 RPS5 RPL14 RPS3 RPL18 TTC37 MINA EEF2 EIF2S1 SRPK1 RPL3L RPS27 RPS26 RPS29 H1F0 RPL27A NCL RPS21 RPS20 RPS23 NOP10 RPS25 RPL6 RPL31 PWP1 RPL3 RPL4 RPL30 RPL32 RPL35 RPL34 SRP14 RPL9 RPL7 RPL8 RPS16 EEF1B2 RPS15 RPS18 RPS17 RPS19 G3BP1 G3BP2 RPL37 RPL36 RPL39 RPS10 RPS12 RPS11 RPS14 RPS13 NSUN2 BTF3 NAP1L4 RPL13A PA2G4 NAP1L1 RPS3A RPL37A NAT10 EEF1G PABPC1 CALR DDX47 RPF2 RPS15A ZNF622 RPS27A NOP58 NPM1 NPM3 RPL35A RPL23A EBNA1BP2 TSR1 SLC25A5 EIF3B RPLP0 HSP90AB1 RPLP2 RPLP1 YBX1 RPL10A RPS4X RPL18A RRP15 IGF2BP1 RACK1 RPL7A RBM34 
12.599786,-5.737539,SEPT7,SEPT9 SEPT11 SEPT8 CDC42EP4 SEPT2 SEPT5 SEPT6 
16.407007,-17.607676,PSME4,PSMB7 PSMA7 PSMB6 PSMA2 PSMB1 PSMA1 
10.494841,6.6495323,NIFK,UPF1 IMP3 RBM19 DDX31 GNL3 REXO4 LARP7 GTPBP4 MRTO4 NSA2 BOP1 LIN28B DKC1 RPL7L1 RPL26 POP1 ZNF512 RPL26L1 ZCCHC9 NIP7 ZC3HAV1 RPF2 DHX30 LLPH PURA PES1 RPL15 RPS5 RPL17 RRS1 DDX18 NOP16 SURF6 DDX56 CCDC137 PAPD5 NOC3L FTSJ3 GLTSCR2 MOV10 RSL1D1 EBNA1BP2 MYBBP1A NOL12 GZF1 ZCCHC3 GLYR1 NOP56 RPS24 FYTTD1 RBM28 RRP8 ZNF771 DDX27 WHSC1 DDX24 DDX21 NOC2L TTF1 RRP9 C7ORF50 NKRF BRIX1 RPS13 RBM34 
2.8666353,-15.394833,MRPS28,DAP3 MRPS21 MRPS33 MRPS22 MRPS7 
8.426888,-7.502429,PSMD8,PSMD13 PSMD12 PSMD14 PSMD7 PSMD5 PSMD3 PSMD4 PSMD1 PDK4 PSMC1 PSMD2 SIL1 PAAF1 
8.896374,-5.2746935,STX8,GOSR1 STX7 VTI1B STX6 VTI1A STX10 VAMP4 
9.893728,-2.5641768,STAG1,RAD21 STAG2 CDCA5 SMC1B WAPL SMC3 
9.422745,-1.8050724,CDC5L,CPSF6 AQR SF3A3 DDX17 THOC2 PRPF40A EIF2S2 WBP11 SAFB U2SURP PRPF6 XAB2 KPNB1 PRPF8 PRPF19 CD2BP2 PRPF31 CDK12 SF3A1 PPIE DHX8 SRRT DDX23 TOP2A PSIP1 CDC73 EFTUD2 SART1 SNRPD2 SNRPD1 DHX15 CCDC12 SF3B2 
11.310673,-4.558542,YWHAQ,YWHAG YWHAE YWHAB SFN YWHAH 
10.270833,6.7056355,GAR1,NOP16 IMP3 SURF6 DDX56 CCDC137 DDX31 FTSJ3 REXO4 LARP7 GLTSCR2 GTPBP4 MOV10 NSA2 EBNA1BP2 LIN28B MYBBP1A DKC1 HADHA RPL26 PABPC4 TSR1 NOL12 GZF1 NOP10 GLYR1 NHP2 RPS24 RPL26L1 RBM28 RRP8 ZNF771 DDX27 WHSC1 NIP7 DDX24 ZC3HAV1 DDX21 DHX30 LARP1 LLPH PURA PES1 RPL15 BRIX1 RPL17 RRS1 RPS13 
9.029354,-2.0198236,DHX15,SF3A3 DDX17 THOC2 PRPF40A EIF2S2 U2SURP PRPF6 HNRNPM PRPF8 SMU1 PRPF19 SRSF5 SNRPE SF3A1 DDX3X TCERG1 DDX5 DHX9 PSIP1 CDC73 EFTUD2 U2AF1L5 SNRPD1 SF3B2 SRSF11 
-0.2777573,3.2898002,ATP5B,SLC25A4 ACADVL ATP5L ATP5A1 ATP5C1 ATP2A2 ATP5F1 ATP5O ATP5J2 ATP5D ATP5H SUMO4 SLC25A5 
11.953125,-4.545222,TSC22D4,TSC22D2 WNK2 WNK3 TSC22D3 TTL NRBP1 
-1.0043427,2.0691388,MEPCE,NPM1 RPS8 RPS6 RPL24 RPL23A RPS3A RPS27 TSR1 RPS25 RPL6 RPL11 RPL32 RPL10 RPL35 HNRNPU RPL7 RPL8 RPS4X RPS18 RPS17 RPS19 RPS5 IGF2BP1 RPL36 RPS10 RPS3 RPL7A RPS14 RPS13 
-0.037788454,15.885983,MRPL13,MTERF3 MRPL19 MRPL28 MRPL48 MRPL38 MRPL47 MRPL34 MRPL12 MRPL53 MRPL4 MRPL54 MRPL32 MRPL21 MRPL43 MRPL3 MRPL52 MRPL9 ICT1 
16.063467,-4.299177,TMOD1,LRRFIP1 FLII MYO5C MYO5A MYO5B TWF1 
8.436629,-7.4461617,ADRM1,PSMD11 PSMD10 PSMD13 PSMD12 PSMD14 UBE3A UCHL5 PSMC6 PSMD7 PSMD8 PSMC5 PSMD6 PSMC2 PSMD3 PSMC3 PSMD4 PSMD1 PSMC1 PSMD2 PAAF1 
9.594107,6.60636,RPS24,UPF1 IMP3 IMP4 DDX31 GNL3 REXO4 LARP7 GTPBP4 MRTO4 NSA2 DKC1 RPL7L1 RPL26 PABPC4 RPL26L1 STAU2 DDX47 NIP7 RPF2 DHX30 LLPH RPL36A PES1 RPS5 RPL17 RRS1 ZNF622 LYAR NOP16 CCDC137 MINA RRP1B NOC3L FTSJ3 GLTSCR2 EBNA1BP2 MYBBP1A TSR1 GZF1 ZCCHC3 NOP56 RBM28 RRP8 ZNF771 DDX27 ZNF770 MPHOSPH10 DDX24 DDX21 RRP9 LARP1 RPS17 DHX57 IGF2BP3 
21.759052,14.61456,SIN3B,GATAD1 MORF4L1 PHF12 EMSY KDM5A 
3.132724,-15.14214,MRPS34,DAP3 MRPS27 MRPS28 MRPS17 MRPS14 MRPS25 MRPS26 MRPS23 MRPS35 MRPS21 MRPS18C MRPS33 MRPS11 MRPS22 MRPS18B MRPS2 MRPS31 MRPS7 MRPS5 MRPS9 
0.3604266,2.8664296,HIST1H1B,RPS8 RPL11 RPL22 RPL21 RPS9 RPL10 RPL13 HNRNPU RPL23A RPS3A RPL10A RPS4X RPL27A RPS3 RPS15A RPS25 
11.972919,-4.486906,FKBP6,EEF2K OSBP AGAP3 CDC37L1 PDE4A USP19 
9.531674,-9.211371,STRIP1,PPP2CB STRIP2 SIKE1 SLMAP MOB4 STRN STRN3 CTTNBP2NL 
7.947512,-1.5092646,SRSF7,RBM39 PRPF8 DDX46 PRPF4B SRSF4 ACIN1 SRSF5 PRPF40A SRSF6 CDC73 SRSF11 
10.420634,6.7801547,ZC3H8,NOP16 MRPS26 SURF6 CCDC137 DDX10 FTSJ3 GNL3 LARP7 GLTSCR2 GTPBP4 MOV10 NSA2 LIN28B MYBBP1A RPL26 PABPC4 TSR1 NOL12 GZF1 ZNF512 RPS24 RBM28 ZCCHC9 ZNF771 DDX24 DDX21 DHX30 LLPH DHX57 PURA BMS1 RPL15 GAR1 RPS5 BRIX1 SF3B2 LYAR RPS13 
-6.4969344,7.168329,MED6,MED13 CDK19 MED23 MED14 MED25 MED20 MED17 MED27 MED12L MED29 
8.727453,-2.802498,HNRNPDL,PICALM HNRNPM FUS HNRNPL HNRNPH1 UBAP2L HNRNPH3 HNRNPAB 
16.19262,-3.7719202,MISP,NEXN MYH9 CORO1C LIMA1 PPP1CB 
9.718242,-1.846035,PQBP1,CPSF6 SART1 UBL5 PRPF8 WBP4 PRPF3 CDC5L PRPF31 SNRNP200 WBP11 RBM22 
11.661923,-5.5112486,NDUFA12,NDUFA8 NDUFA7 NDUFB7 NDUFB4 NDUFA2 NDUFS3 UQCRC1 NDUFS1 NDUFV2 NDUFV1 
9.948002,6.8706894,BOP1,PAPD5 NOC3L DDX31 FTSJ3 GNL3 REXO4 LARP7 WDR12 GLTSCR2 GTPBP4 MRTO4 EBNA1BP2 MYBBP1A DKC1 RPL7L1 NOL12 RPS24 RBM28 RRP8 DDX27 WHSC1 DDX24 ZC3HAV1 RPF2 PES1 RPL15 RRS1 
8.993801,-2.1951663,SMU1,IK DDX5 DDX17 DDX43 DENR 
9.695116,6.201449,UTP14A,DDX18 DDX27 NOP2 MPHOSPH10 DDX56 NOC2L FTSJ3 WDR36 RPF2 GTPBP4 PUM3 MRTO4 DKC1 PES1 RRP15 RRS1 NOP56 
11.765545,-6.6214914,GPN3,POLR3B POLR3D POLR1C POLR2E POLR2F POLR3H POLR2G GPN1 POLR2I POLR3K RPAP2 
12.314516,-4.6346273,OSGEP,LAGE3 TP53RK MFAP3 C14ORF142 TPRKB 
25.664396,-2.2979412,CALB2,NAPB GRIA2 HPCA CAMK2A NCALD ANK2 SNAP91 DCLK1 SYN1 L1CAM MAPT DPYSL3 DPYSL4 VSNL1 CDH13 RAB6B AMPH STX1B DNM1L SNCB 
14.415725,-10.4211035,ANAPC4,ANAPC13 ANAPC15 ANAPC16 ANAPC10 CDC23 FZR1 PENK CDC26 CDC16 CDC27 NEK2 ANAPC5 ANAPC7 ANAPC1 ANAPC2 
0.33638662,16.368158,MRPL55,MRPL19 MRPL28 MRPL48 MRPS18A MRPL38 MRPL13 MRPL47 MRPL14 MRPL22 MRPL34 MRPL4 MRPL54 MRPL10 MRPL32 MRPL21 MRPL43 MRPL3 MRPL30 MRPL2 MRPL9 ICT1 MRPL50 
8.900893,-5.2632027,VAMP8,STX8 STX7 VTI1B STX6 VTI1A SNAP29 
25.74238,-2.2884429,RAB6B,NAPB HPCA CDH13 NCALD SNAP91 STX1B SYN1 L1CAM SNCB 
0.1667967,16.150896,MRPL2,MTERF3 MRPL19 MRPL28 MRPL48 MRPL38 MRPL13 MRPL47 MRPL22 MRPL34 MRPL12 MRPL53 MRPL4 MRPL54 MRPL10 MRPL32 MRPL21 MRPL43 MRPL3 MRPL30 MRPL9 ICT1 MRPL50 
16.12038,-4.2038875,MYO19,ST5 PLEKHG3 MYO5C NEXN MYO5A MYO5B SORBS2 ZBTB20 
7.7021832,-1.2283914,MSH6,RBM39 DDX5 H3F3A MBD3 TRA2B RNPS1 MSH2 SRSF6 SRSF7 SRRM2 
12.305044,-4.8474197,LDLRAD4,FLCN DPY19L1 STXBP4 SMURF2 SMURF1 WWC2 HECW1 RBCK1 
10.614745,-1.6037844,GPATCH1,XAB2 AQR SNW1 DHX35 WDR83 SYF2 
10.64586,6.5652742,GNL2,UPF1 IMP3 IMP4 RBM19 DDX31 GNL3 REXO4 LARP7 GTPBP4 MRTO4 NSA2 BOP1 LIN28B XRN2 DKC1 RPL7L1 RPL26 CCDC86 PABPC4 POP1 ZNF512 RPL26L1 ZCCHC9 STAU2 DDX47 NIP7 YTHDC2 ZC3HAV1 ZC3H8 RPF2 DHX30 HERC5 SRP72 LLPH ZNF629 PURA RPL36A PES1 RPL15 GAR1 RPS5 RPL17 RRS1 LYAR DDX18 NOP16 MRPS26 SURF6 DDX56 CCDC137 PAPD5 MRPS22 RRP1B NOC3L FTSJ3 GLTSCR2 MOV10 RSL1D1 EBNA1BP2 MYBBP1A TSR1 NOL12 GZF1 ZCCHC3 GLYR1 NOP56 RPS24 FYTTD1 RBM28 RRP8 ZNF771 DDX27 ZNF770 WHSC1 MPHOSPH10 DDX24 DDX21 ZNF22 KRI1 TTF1 RRP9 LARP1 C7ORF50 RPS17 NKRF DHX57 BMS1 BRIX1 IGF2BP3 NIFK RPS13 RBM34 
6.7473936,-4.997978,MBD3,DDX5 MBD2 GATAD2A CDK2AP1 RBBP7 CHD4 GATAD2B 
16.45743,-17.657597,PSMB8,PSMB7 PSMA7 PSMB6 PSMD14 PSMB1 PSMD2 
3.060954,-15.211387,MRPS18C,DAP3 MRPS27 MRPS28 MRPS17 MRPS14 MRPS25 MRPS26 MRPS23 MRPS35 MRPS21 MRPS33 MRPS11 MRPS22 MRPS18B MRPS2 MRPS31 MRPS7 MRPS9 
12.106966,-4.621981,NCK2,DOK1 SEMA6A ASAP1 TNK2 MINK1 WASL CBL ARHGEF6 
16.058619,-4.1750126,ACTN4,ACTN1 NEXN MYO5A IQGAP1 COBL TWF1 SORBS2 AKAP2 SSH2 ABLIM1 INF2 SPTBN1 RAI14 APOB 
16.230064,-3.8551722,SVIL,MYO1C TMOD3 NEXN MYH9 LIMA1 RAI14 DBN1 
11.75393,-5.228483,ALDOA,ISYNA1 GALE GSTO2 GORASP2 GPD1L PREP PGP ALDOC PGD 
12.136617,-4.5051713,IDH1,PKM IDH3G IDH2 HAAO HPD 
11.927816,-5.9027424,TADA3,TAF5L ZZZ3 TADA2A KAT2B YEATS2 SGF29 SUPT20H CSRP2BP SUPT7L MBIP SUPT3H 
10.646088,6.225267,AATF,DDX18 IMP3 IMP4 SURF6 KRR1 CCDC137 FTSJ3 GNL3 REXO4 GNL2 GLTSCR2 GTPBP4 RSL1D1 NSA2 MYBBP1A POP1 GZF1 ZNF512 ZCCHC3 GLYR1 RPS24 RBM28 HP1BP3 ZNF771 DDX27 DDX24 DDX21 PPAN KRI1 DHX30 LARP1 SRP72 PURA RPL15 RPS5 BRIX1 RRP12 RPS13 
0.5997275,3.6363657,RPL10,SND1 RFC4 RFC5 RPS8 NO66 RPL21 RPS9 RPS3A RPS27 RPL27A FAU TSR1 RPS20 RPL3 RPL30 RPL11 DDX47 USP10 HSP90AB1 RPLP2 ATP5C1 RPL36AL RPS17 G3BP1 RPS5 RPL14 RPL39 RPS3 RPS15A 
0.12572852,16.096611,MRPL22,MRPL19 MRPL28 MRPL48 MRPL38 MRPL13 MRPL47 MRPL34 MRPL12 MRPL4 MRPL54 MRPL10 MRPL32 MRPL21 MRPL43 MRPL3 MRPL9 ICT1 MRPL50 
12.237633,-4.4562984,CARNMT1,MKRN2 SARM1 LENG9 DTL TAB2 MAP3K7 NR3C2 RNF113A CNTLN 
8.017106,12.419311,SEH1L,NUP205 RANBP2 NUP107 NDC1 NUP153 NUP210 NUP133 NUP155 RGPD8 NUP160 AAAS NXF1 GLE1 NUP93 TMEM214 NUP98 SUMO1 NUP43 NUP85 NUP35 TMEM209 NUP37 
-1.1012746,1.9238323,RPL28,NPM1 RPL21 RPS6 RPL23 RPL23A RPS3A RPS29 EBNA1BP2 FAU RPS23 NOP10 RPS25 PWP1 RPLP0 RPL32 RPL35 RPLP2 RPL13 RPL34 RPLP1 HNRNPU NOLC1 RPL7 RPL8 RPS16 RPS15 RPS19 PES1 RPL15 RPL37 RRP15 RPL14 RPL36 RPL38 RPL19 RPS15A RPS11 RPL18 RPS27A RPS14 
9.015826,-2.104339,RCC2,KHDRBS1 IK TCERG1 DDX5 DDX17 DHX9 SRRT SRRM1 PRPF6 HNRNPM SMU1 SNRPD2 PUF60 DHX15 SRSF5 RBM25 
8.835444,6.5978003,RRP9,RBM28 ZNF771 DDX27 IMP3 DDX21 GNL3 REXO4 LARP7 RPF2 DHX30 EBNA1BP2 MYBBP1A DKC1 PES1 RPS5 RRS1 RPL26L1 
-0.17323497,2.1347258,RPS12,TUFM SND1 RPS8 RPL22 RPL21 RPS9 RPS7 RPS3A RPSA FAU RPL27 RPL11 RPL10 RPL13 RPL12 HNRNPU RPL15 RPS5 RPL14 RPS3 RPS15A ZNF622 RPS27A NOP58 NPM1 RPL35A RPL23A MINA EEF2 RPS27 RPL27A TSR1 RPS20 RPS23 RPS25 RPL6 RPL3 RPL30 RPLP0 HSP90AB1 RPL35 YBX1 RPL10A RPL7 RPS4X RPS15 RPS17 G3BP1 G3BP2 IGF2BP1 RPL7A RPS14 RPS13 
8.143648,-1.7639875,ENSG00000146963,HNRNPM DDX46 SRSF5 PRPF40A SRSF11 
15.904465,-6.217404,FKBP1A,FKBP2 TAGLN2 TAGLN3 ENO3 ATP6V1C1 PIN1 SOD2 
0.64490104,16.712902,MRPL20,MRPL28 MRPL48 MRPS18A MRPL27 MRPL24 MRPL47 MRPL22 MRPL53 MRPL54 MRPL10 MRPL32 MRPL51 MRPL30 MRPL52 MRPL50 MRPL19 MRPL17 MRPL38 MRPL35 MRPL13 MRPL57 MRPL14 MRPL33 MRPL55 MRPL11 MRPL34 MRPL12 MRPL4 MRPL21 MRPL43 MRPL3 MRPL2 MRPL9 ICT1 
11.663491,-6.3820596,POLR3A,POLR3B POLR3C CRCP POLR3D POLR1C POLR3F POLR3G POLR3H POLR3K 
-0.07089249,15.795041,MRPL9,MTERF3 MRPL19 MRPL28 MRPL48 MRPL38 MRPL47 MRPL34 MRPL53 MRPL4 MRPL54 MRPL32 MRPL21 MRPL43 MRPL52 ICT1 SLC25A10 
14.387587,-10.45777,ANAPC10,ANAPC15 FZR1 CDC26 CDC16 CDC27 GNPTG FBXO5 ANAPC5 ANAPC1 
8.284064,-6.2070327,ZSCAN20,ZNF397 ZNF232 ZBED9 ZNF197 ZNF263 ZNF394 ZNF174 ZNF24 ZSCAN30 ZSCAN21 ZSCAN23 ZSCAN22 SCAND1 ZKSCAN4 ZKSCAN3 ZNF449 ZSCAN29 ZSCAN18 ZNF215 ZNF202 ZNF213 PGBD1 
10.4049225,6.761194,RBM19,DDX18 UPF1 SURF6 DDX56 CCDC137 LARP7 GTPBP4 MOV10 NSA2 MYBBP1A RPL26 NOL10 TSR1 GZF1 ZCCHC3 ZCCHC9 RRP8 LTV1 ZNF771 DDX27 DDX24 DDX21 ZC3H8 DHX30 LLPH BMS1 RPS5 RPL17 RPS13 
-0.74573827,2.0641744,NCL,RPS8 RPL22 RPL21 RPS9 RPL23 NAP1L4 NAP1L1 RPS3A EEF1A1 RPL37A MTHFD1 EEF1G PABPC1 RPL27 RPL10 RPL13 HNRNPU PES1 RPL14 RPS3 RPS15A RPL18 NPM1 RPL23A EEF2 SUPT5H EBNA1BP2 RPL27A RPS20 RBM46 RPS23 RPS25 RPL6 RPL31 RPL3 RPL4 RPL30 RPLP0 RPL35 RPLP2 YBX1 SRP14 RPL10A RPL9 RPL7 RPL8 RPS4X RPS15 RPS18 RPL18A RPL36 RPS11 RPL7A RPS13 
-6.3269863,6.851053,MED24,CDK19 MED4 MED9 MED17 MED27 MED16 MED6 MED7 MED12L MED18 MED29 MED13 MED12 MED23 MED15 MED14 MED25 MED31 MED20 MED22 
-0.29840678,1.9478049,RPL9,SSB TUFM SND1 NSUN2 BTF3 RPS8 RPL22 RPL21 RPS9 RPL24 RPS7 NAP1L1 RPS3A RPSA EEF1A1 FAU HNRNPC PABPC1 RPL27 NHP2 RPL11 RPL10 RPL13 RPL12 HNRNPU FBL RPL15 RPS5 RPL14 RPS3 RPS15A ZNF622 RPL18 RPS27A NOP58 NPM1 RPL35A RPL23A NACA2 EEF2 SRPK1 RPL3L RPS27 EBNA1BP2 RPL27A RPS20 RPS23 SLC25A5 EIF3B RPS25 RPL6 RPL3 RPL30 RPLP0 HSP90AB1 RPL35 RPLP2 RPL34 YBX1 SRP14 RPL10A RPL7 RPS4X G3BP1 G3BP2 IGF2BP1 RPL36 RPL39 RPS12 RPL7A RPS14 RPS13 RBM34 
8.572484,-1.9552506,DDX5,HNRNPM IK USP39 SRSF5 PRPF40A SRSF11 
16.068464,-6.2572293,NME2,FKBP1B TRABD FKBP1A AHCY FKBP2 ENO1 ENO3 ATP6V1C1 SOD1 
8.017464,12.406302,RCC1,SMPD4 RANBP3 NXF1 GLE1 NTMT1 UBE2I TMEM214 SUMO1 RGPD5 DLGAP5 RANGAP1 
11.813474,-6.8199296,POLR2J,POLR2B POLR2G GPN1 RPRD1B GPN2 
16.058865,-4.084626,NEXN,ABLIM1 MYO5C MYH9 MYO5B SPTBN1 CORO1C 
-6.271016,6.7809305,MED10,CDK19 MED4 MED9 MED27 MED6 MED7 MED29 MED24 MED23 CDK8 MED25 MED20 MED22 MED21 CCNC MED17 MED16 MED19 MED12L MED18 MED13 MED12 MED15 MED14 MED31 
11.724257,-4.8865147,PPP2R1B,PPP2R5C PPP2R5E PPP2R1A PPP2R5D PPP2CA 
16.20761,-3.9845235,PPP1CB,PPP1CC ABLIM1 MYO5C NEXN ACTRT1 LIMA1 
9.254274,-1.5613099,SF3B4,SF3A2 SF3A3 ZCRB1 SF3A1 SF3B2 
9.259484,-1.9589366,CPSF6,RBM15 SF3A2 SF3A3 DDX17 THOC2 EIF2S2 WBP11 U2SURP PRPF6 KPNB1 PRPF8 PRPF19 CD2BP2 PRPF31 SNRPE SF3A1 RBM26 USP39 DDX5 DHX9 SRRT CDC73 EFTUD2 U2AF1L5 SNRPD2 SNRPD1 DHX15 SF3B2 SRSF11 
10.258496,-5.38232,SIAE,COL18A1 POGLUT1 ARSB ARSK SGSH 
16.12876,-4.23341,FLII,PLEKHG3 WDR1 LRRFIP1 TMOD3 NEXN MYO5A MYO5B TWF1 SORBS2 RAI14 SSH2 
25.896324,-2.4280362,CAMK2A,DPYSL2 HPCA MAPT DPYSL3 CAMK2B VSNL1 CDH13 NCALD SNAP91 STX1B SYN1 SNCB 
0.7033937,3.063332,RPL7,TUFM SND1 RPS8 RPL22 RPL21 RPS9 RPS7 RPS3A MTHFD1 FAU RPL27 RPL26L1 RPL11 DDX47 RPL10 RPL13 HNRNPU NOLC1 RRBP1 RPF2 RPL36AL PES1 RPS5 RPL14 RPS3 RPS15A ZNF622 RPS27A NPM3 MINA RPL3L RPS27 EBNA1BP2 RPL27A TSR1 RPS20 RPS25 RPL6 RPL3 RPL30 RPLP2 RPL34 YBX1 RPS4X RPS15 RPS17 G3BP1 RPL37 RPL39 IGF2BP3 
10.978798,-5.4132805,WDR26,MKLN1 GID4 RMND5A ZMYND19 GID8 ARMC8 MAEA YPEL5 RANBP10 
25.776936,-2.2385058,SYN1,NAPB PPP3R1 HPCA MAPT STX1B 
10.656059,-3.9409838,LARS,AIMP2 DARS AIMP1 KARS QARS MARS RARS IARS EEF1E1 
7.7769647,-1.3335391,SNRNP70,RBM39 SRSF2 PRPF4B KLHL8 LUC7L SRSF3 SRSF4 ACIN1 SRSF5 SNRPG SRSF7 SRSF11 LUC7L3 
0.07203077,1.9909663,RPS13,TUFM SND1 RPS8 RPL22 IMP3 RPL21 RPS9 RPS7 RPSA LARP7 SMARCA5 MRTO4 EEF1A1 RPL7L1 MTHFD1 FAU RPL22L1 RPL27 ZCCHC9 STAU2 RPL11 NIP7 RPL10 RPL13 RPL12 HNRNPU NOLC1 RRBP1 NOL6 FBL DHX30 HERC5 RPL36AL RPS5 RPL14 RPL17 RPS3 NOP16 SURF6 CCDC137 MINA EEF2 FTSJ3 GLTSCR2 RPS27 MOV10 RPL27A RPS21 RPS20 RPS25 RPS24 RPL6 RRP8 ZNF771 RPL3 ZNF770 RPL30 WHSC1 RPL35 RPL34 SRP14 RPL7 RRP9 LARP1 RPS15 RPS17 G3BP1 RPL37 BRIX1 RPL39 RPS14 NSUN2 BTF3 NAP1L1 DDX31 RPS3A GNL3 REXO4 NSA2 EEF1G PABPC4 DDX47 YTHDC2 ZC3HAV1 LLPH RPL36A HIST1H1E RRS1 RPS15A ZNF622 RPS27A HIST1H1B LYAR HIST1H1C NOP58 NPM1 NPM3 DDX10 RPL35A PAPD5 RPL23A RRP1B NOC3L MYBBP1A TSR1 GZF1 SLC25A5 RBM28 ZNF574 DDX27 RPLP0 HSP90AB1 RPLP2 DDX24 YBX1 DDX21 RPL10A RPS4X DHX57 BMS1 IGF2BP1 
11.380664,-5.2123513,INTS9,INTS12 INTS4 INTS6 INTS5 CPSF3L 
8.035534,12.400518,NUP188,SMPD4 NUP205 NUP93 TMEM214 NUP43 NUP85 NUP214 NUP35 NUP210 NUP155 NUP160 AAAS 
9.031541,6.632407,DHX57,RBM28 DDX27 NOP16 NGDN DDX24 DDX21 GNL3 DHX30 NSA2 RPS17 EBNA1BP2 MYBBP1A ZKSCAN8 RPL7L1 PES1 RPS5 TSR1 LYAR NOP56 
6.778138,-4.9623985,ZBTB2,ZNF639 CDK2AP1 RBBP7 CHD4 ELP6 
9.177983,6.4178514,ZNF770,RBM28 SET ZNF574 ZNF771 NOP16 IMP3 CCDC137 DDX24 DDX10 DDX21 FTSJ3 GNL3 GLTSCR2 DHX30 ZKSCAN8 
0.729136,3.4036536,RPS15,RPS8 RPL21 RPS9 RPS3A RPS27 EBNA1BP2 RPL27A FAU RPS21 TSR1 RPS25 RPL26L1 SLC25A4 RPL3 RPL30 RPL11 DDX47 RPL10 RPL13 HNRNPU NOLC1 RPF2 RPL36AL RPS17 G3BP1 PES1 RPL37 RPS5 RPL14 RPL39 IGF2BP3 RPS3 RPS15A RPS27A 
12.367096,-4.4448752,IFT57,IFT20 IFT88 IFT22 TRAF3IP1 IFT172 HSBP1 IFT80 CLUAP1 
15.821526,-6.367961,GPX4,HINT1 TAGLN2 GLRX2 ENO1 ENO2 
-0.61904615,1.872837,RPL37A,TUFM RPS8 RPL22 RPL21 RPS9 RPL24 RPL23 RPS7 NAP1L1 RPS3A RPSA EEF1A1 MTHFD1 EEF1G RPL26 FAU PABPC1 RPL27 RPL11 RPL10 RPL13 RPL12 HNRNPU ATP5A1 FBL RPF2 PES1 HIST1H1E RPL15 RPS5 RPL14 RPS3 RPS15A RPL18 RPS27A HIST1H1B HIST1H1D MYH7B NOP58 NPM1 RPL23A EEF2 EIF2S1 SRPK1 RPL3L EBNA1BP2 RPL27A HADHA RPS20 RPS23 SLC25A6 SLC25A5 RPS25 RPL6 RPL31 RPL3 RPL30 RPLP0 HSP90AB1 RPL35 RPLP2 RPL34 YBX1 SRP14 RPL10A RPL9 RPL7 RPS4X RPS15 RPS19 G3BP1 RPL37 IGF2BP1 RPL36 RPL39 RACK1 RPS12 RPS11 RPL7A RPS14 RPS13 RBM34 
16.323177,-17.523932,PSMB3,PSMB7 PSMA7 PSMB6 PSMA2 PSMB1 PSME4 PSMA1 FBXO7 
12.511786,-4.6526403,SKP1,FBXW5 FBXO30 SPRYD3 MYCBP2 FBXL8 
0.5450225,4.0773807,RPL30,TUFM RPL3 RPL11 RPL21 RPS9 ATP5C1 MINA RPL3L RPS27 RPL27A G3BP1 PES1 FAU RPS5 HNRNPC RPS20 RPS3 RPS15A 
11.260428,-7.9076667,CNOT1,CNOT6L BTG3 FHL2 CNOT11 CNOT10 TOB2 TOB1 CNOT6 CNOT7 CNOT8 CNOT2 CNOT3 RQCD1 TNKS1BP1 
9.888176,-5.576399,CDKN1B,CCND3 CDKN1C CDKN1A CDK3 CKS1B CDK2 
16.385363,-3.792881,PPP1CA,CSRNP1 CSRNP2 PPP1R37 C2ORF74 PPP1R11 C20ORF27 YLPM1 PPP1CB PPP1CC TANC2 ZFYVE16 PPP1R3D KIF1BP PHACTR4 
12.086276,-4.6626496,ARID4A,SAP130 SIN3A BRMS1L SUDS3 ARID4B SAP30 
12.30042,-4.836057,POMK,BRIP1 PKDCC TMEM120A S1PR2 SLC35F2 
8.68553,6.3341746,GNL3,UTP18 NOP16 IMP3 IMP4 PAPD5 MINA LARP7 GLTSCR2 EBNA1BP2 MYBBP1A DKC1 TSR1 GZF1 NOP56 RBM28 ZCCHC9 ZNF771 DDX27 STAU2 DDX47 MPHOSPH10 DDX21 RPF2 DHX30 RPS17 PES1 RPS5 RRS1 LYAR 
-6.2328887,6.7394934,MED28,CDK19 MED4 MED9 MED13L MED27 MED6 MED7 MED29 MED24 MED23 CDK8 MED25 MED20 MED22 MED21 CCNC MED17 MED16 MED19 MED12L MED18 MED13 MED12 MED15 MED14 MED31 MED10 
-6.5228677,7.197769,MED13,CDK19 MED23 MED14 MED25 MED17 MED12L MED29 
8.478687,-7.4519153,PSMD11,PSMD10 PSMD13 PSMD12 PSMD14 UCHL5 PSMD9 PSMC6 PSMD7 PSMD8 PSMD5 PSMC5 PSMC2 PSMD3 PSMC3 PSMD4 PSMD1 PSMC1 PSMD2 PAAF1 
10.657119,6.4776955,C8orf33,RBM28 C7ORF50 EBNA1BP2 WHSC1 RPL26 PAPD5 PPAN FTSJ3 NOP56 GTPBP4 FYTTD1 
-1.7543949,-7.799003,PBRM1,SMARCD2 ACTL6A SMARCE1 ARID1A SMARCA2 BRD7 SMARCA4 
8.92394,-1.1677336,THOC2,RBM39 SF3A3 DDX17 PRPF40A THOC6 CDC73 THOC5 THOC7 SRRM2 PRPF8 DDX39A C19ORF47 ACIN1 SRSF6 SRSF7 SF3A1 
9.50824,6.726446,MOV10,UPF1 IMP3 DDX56 CCDC137 PAPD5 MRPS22 FTSJ3 GNL3 REXO4 LARP7 GLTSCR2 GTPBP4 NSA2 EBNA1BP2 MYBBP1A DKC1 RPL26 GZF1 ZCCHC3 FYTTD1 RBM28 ZNF771 DDX27 STAU2 MPHOSPH10 DDX24 ZC3HAV1 DDX21 RRP9 RPF2 DHX30 LARP1 LLPH RPS5 RRS1 IGF2BP3 LYAR 
7.812876,-1.346765,CDK11A,CDK11B SAP30BP ANP32B ANP32A ANP32E PRPF4B U2AF2 
11.071576,-5.0493813,PCGF1,RYBP KDM2B BCL6 YAF2 BCOR BCORL1 ACTL8 
0.1911464,16.18952,MRPL14,MTERF3 MRPL19 MRPL28 MRPL48 MRPS18A MRPL38 MRPL13 MRPL47 MRPL22 MRPL34 MRPL12 MRPL53 MRPL4 MRPL10 MRPL32 MRPL21 MRPL43 MRPL3 MRPL30 MRPL2 MRPL9 ICT1 MRPL50 
-0.424608,1.9367279,RPL23,TUFM SND1 BTF3 RPS8 RPL22 RPL21 RPS9 RPL24 RPS7 NAP1L1 RPS3A RPSA EEF1A1 MTHFD1 EEF1G RPL26 FAU HNRNPC PABPC1 RPL27 RPL26L1 RPL11 RPL10 BTF3L4 RPL13 RPL12 HNRNPU ATP5A1 NOLC1 RRBP1 FBL RPF2 MTHFD1L PES1 RPL15 RPS5 RPL14 RPS3 RPS15A ZNF622 RPL18 RPS27A MYH7B NOP58 NPM1 RPL35A RPL23A MINA EEF2 EIF2S1 SRPK1 RPL3L RPS27 EBNA1BP2 RPL27A GRWD1 RPS21 RPS20 RPS23 SLC25A6 SLC25A5 EIF3B RPS25 TPT1 RPL6 RPL3 RPL30 RPLP0 HSP90AB1 RPL35 RPLP2 RPL34 YBX1 SRP14 RPL10A RPL9 RPL7 RPS4X RPS15 RPS19 G3BP1 G3BP2 RPL36 RPL39 RPS12 RPL7A RPS14 RPS13 
7.9035964,-1.5487357,ACIN1,RBM39 DDX46 PPIG SRSF4 PRPF40A SRSF6 SRSF11 PNN 
10.969061,6.4055266,ZNF668,RPL13A KNOP1 DDX31 GNL3 REXO4 GNL2 GTPBP4 NSA2 BOP1 DKC1 RPL7L1 CCDC86 POP1 ZNF512 HP1BP3 NVL STAU1 PAK1IP1 ZC3HAV1 ZBTB24 RPF2 DHX30 LLPH PES1 RPL15 RPL17 RRS1 MYEF2 NOP16 SURF6 DDX56 CCDC137 PAPD5 NOC3L DDX50 FTSJ3 GLTSCR2 RSL1D1 EBNA1BP2 MYBBP1A NOL12 GZF1 GLYR1 FYTTD1 RBM28 RRP8 ZNF771 DDX27 WHSC1 DDX24 PPAN KRI1 TTF1 C7ORF50 NKRF RRP15 BRIX1 NIFK RPS13 RBM34 
9.821727,-4.311359,CLTCL1,PICALM GAK HIP1R STAMBP CLINT1 PIK3C2A 
-0.12662359,15.6582365,MRPL54,MRPL53 ICT1 MRPL28 MRPL48 MRPL38 MRPL47 MRPL34 
9.94139,-2.5997388,STAG2,RAD21 CDCA5 SMC1B WAPL SMC3 
8.28626,-7.6024017,PSMC1,PSMD13 PSMD12 PSMD5 PSMD14 PSMC2 PSMD3 PSMC3 PSMD4 PSMD2 PAAF1 
16.225962,-3.7281516,DBN1,PPP1R12A NEXN AFAP1 MYO5A ACTG1 SORBS2 LIMA1 AKAP2 PPP1CB ABLIM1 MYH9 MYO18A MISP 
10.801021,6.319094,ZBTB11,UPF1 DDX31 GNL3 REXO4 GNL2 LARP7 GTPBP4 NSA2 BOP1 LIN28B DKC1 RPL26 CCDC86 PABPC4 POP1 ZNF512 RPL26L1 HP1BP3 NIP7 ZC3HAV1 ZC3H8 ZBTB24 RPF2 DHX30 LLPH PURA RPL15 GAR1 RPS5 RPL17 RRS1 SF3B2 NOP16 SURF6 KRR1 CCDC137 FTSJ3 GLTSCR2 MOV10 RSL1D1 EBNA1BP2 MYBBP1A GZF1 ZCCHC3 GLYR1 RPS24 RBM28 RRP8 ZNF771 DDX27 ZNF770 WHSC1 DDX24 DDX21 ZNF22 PPAN KRI1 TTF1 LARP1 C7ORF50 NKRF RRP15 BRIX1 RRP12 RPS13 RBM34 
15.801194,-5.9648952,DSTN,ALDH5A1 MDH2 GOT2 GLRX ATP6V1C1 
11.930627,-6.6867156,POLR2H,ZNRD1 POLR1B POLR1D POLR2E POLR2F 
11.759899,-4.799513,SEC24C,SEC23B SEC24B CRTC2 BTBD3 TNK2 FAM83A SEC24D 
8.357287,-1.8029399,PAF1,WDR61 CSNK2B SUPT4H1 IWS1 CDC73 
9.521875,-1.7080908,SF3B3,CPSF6 SF3A2 SF3A3 THOC2 CDC5L PRPF40A EIF2S2 U2SURP XAB2 PHF5A KPNB1 PRPF8 PRPF19 PRPF31 SF3A1 SF3B5 TCERG1 SF3B4 VCP SRRT DDX23 PSIP1 PPM1G SART1 SNRPD2 SNRPD1 DHX15 CCDC97 SNRPB2 SF3B2 SPTBN1 SMNDC1 
8.941633,-5.238165,VTI1A,GOSR2 STX7 VTI1B STX6 STX10 
11.338182,-5.571447,EIF3M,EIF3A EIF3L EIF3J EIF3K EIF3H EIF3F EIF3CL EIF3G EIF3D EIF3E EIF3C PRRC2B 
12.327737,-4.8529854,TNFSF13B,FAM118A PDSS1 MAP3K15 MAP3K5 MAP3K6 FAM160B1 
11.644936,19.825518,EXOSC1,EXOSC8 EXOSC7 EXOSC10 EXOSC5 MPHOSPH6 
25.958138,-2.5621002,ATP4A,STXBP1 SYT1 CAMK2A HIST1H2BL CRMP1 NCALD SNAP91 DCLK1 SYN1 GNG2 DPYSL2 DPYSL5 MAPT DPYSL3 VSNL1 STX1B SNCB 
2.8240862,-15.437787,MRPS9,DAP3 MRPS28 MRPS35 MRPS21 MRPS33 MRPS22 MRPS7 
12.409428,-4.8510337,ATP6V1C2,ATP6V1G1 ATP6V1A ATP6V1G2 MAGEA2 ATP6V1F ATP6V1E2 ATP6V1B2 
0.61583245,3.247577,RPL22,TUFM SND1 RPS8 RPL21 RPS9 RPS7 RPS3A RPS27 RPL27A FAU RPS20 RPS25 RPL3 RPL30 RPL11 RPL10 RPLP2 RPL13 RPL34 HNRNPU NOLC1 ATP5C1 RRBP1 RPS4X RPS15 RPL36AL G3BP1 RPS5 RPL14 RPL39 RPS3 RPS15A RPS27A 
10.685747,6.6254716,ZNF629,RBM28 ZNF771 NOP16 SURF6 CCDC137 DDX24 ZC3HAV1 DDX21 ZC3H8 RRP1B FTSJ3 GNL3 LARP7 DHX30 MYBBP1A DHX57 BMS1 RPL15 RPS5 ZNF512 RPS13 
8.521334,6.2631583,GZF1,RBM28 ZNF771 IMP3 PAPD5 LARP7 RPF2 DHX30 MYBBP1A DKC1 PES1 RPS5 ZCCHC3 LYAR FYTTD1 
10.656528,-3.9591148,KARS,AIMP2 DARS AIMP1 QARS MARS RARS EEF1E1 
8.675534,-1.7224656,CDC73,PRPF8 SF3A3 DDX5 IWS1 PRPF40A SRSF11 
9.715149,6.12728,WDR3,DDX49 TBL3 NSUN5 NOB1 PWP2 WDR36 
8.064307,12.36931,RANBP2,CPSF6 SF3A3 NDC1 THOC2 CDC5L NUP153 NUP210 RANGAP1 KPNB1 NUP50 PRPF8 PRPF19 NUP98 NUP35 NUP37 RAN NUP205 NUP107 DDX5 SRRT RGPD8 NUP160 EFTUD2 AAAS NXF1 GLE1 SUMO1 SNRPD2 NUP43 NUP85 SNRPD1 TMEM209 
15.878981,-5.9712276,ATP6V1C1,CNN1 FKBP2 MDH2 UBE2F CFL2 TAGLN3 ATOX1 
11.86668,-5.988259,TAF6L,TAF5L TADA1 SUPT20H SUPT7L SUPT3H 
8.667976,-2.8817122,HNRNPD,PTBP1 HNRNPL SFPQ HNRNPH3 HNRNPAB 
11.230734,-4.900124,CDK9,HEXIM2 AFF1 CCNT2 CCNT1 MLLT1 MLLT3 AFF4 AFF3 
2.9575043,-15.309323,MRPS11,DAP3 MRPS27 MRPS28 MRPS14 MRPS25 MRPS26 MRPS23 MRPS35 MRPS21 MRPS33 MRPS22 MRPS18B MRPS2 MRPS7 MRPS9 
25.881613,-2.4136422,VSNL1,DPYSL2 HPCA MAPT STX1B SYN1 SNCB 
21.74501,14.600473,KAT5,MORF4L1 MORF4L2 VPS72 TRRAP MEAF6 YEATS4 ACTR6 MBTD1 EPC2 JAZF1 BRD8 
-1.6880416,-7.676579,TOP2B,RPL10 SMARCE1 ARID1A SMARCA2 SMARCA4 
9.773769,6.6636744,PABPC4,ZNF771 UPF1 STAU2 ZCRB1 DDX21 FTSJ3 LARP7 GTPBP4 MOV10 DHX30 LARP1 MYBBP1A DKC1 RPS5 IGF2BP3 GZF1 SF3B2 ZCCHC3 
15.776474,-5.833794,GLRX,CNN3 MDH2 CFL2 TALDO1 UBE2L3 
0.5998725,3.8730652,RPS8,TUFM SND1 RPL21 RPS9 MINA RPL3L RPS27 EBNA1BP2 RPL27A FAU TSR1 HNRNPC RPS20 RPL3 RPL30 RPL11 HSP90AB1 RPF2 RPL36AL RPS17 G3BP1 G3BP2 PES1 RPS5 RPL39 RPS3 RPS15A 
7.640217,-1.2466335,SRSF2,RBM39 SRSF3 SRSF4 ACIN1 SRSF6 SRSF7 SRRM2 
-0.23929697,1.9567515,RPS23,TUFM SND1 NSUN2 BTF3 RPS8 RPL22 RPL21 RPS9 RPS7 NAP1L1 RPS3A RPSA EEF1A1 MTHFD1 FAU RPL22L1 RPL27 RPL11 RPL10 RPL13 RPL12 HNRNPU ATP5A1 FBL RPF2 RPL36AL PES1 RPL15 RPS5 RPL14 RPS3 RPS15A HIST1H1A RPS27A HIST1H1B HIST1H1C MYH7B NOP58 NPM1 RPL23A EEF2 SRPK1 RPL3L RPS27 HADHB EBNA1BP2 RPL27A CANX RPS20 UBA52 SLC25A5 RPS25 RPL6 RPL3 RPL30 RPLP0 HSP90AB1 RPL35 RPLP2 RPL34 ATP5C1 SRP14 RPL10A RPL7 RPS4X RPS15 G3BP1 IGF2BP1 RPL39 RPL7A RPS14 RPS13 
11.831714,-6.760775,POLR2G,CTDP1 RPRD1A POLR2E POLR2F RPAP2 
10.309503,6.6555076,ZNF512,UPF1 IMP3 DDX31 GNL3 REXO4 GTPBP4 MRTO4 NSA2 BOP1 LIN28B XRN2 DKC1 RPL7L1 RPL26 RPL26L1 STAU2 NIP7 YTHDC2 ZC3HAV1 RPF2 DHX30 HERC5 LLPH PURA RPL36A PES1 RPL15 GAR1 RPS5 RPL17 RRS1 LYAR MYEF2 NOP16 MRPS26 SURF6 DDX56 CCDC137 PAPD5 MRPS22 RRP1B NOC3L FTSJ3 GLTSCR2 MOV10 EBNA1BP2 MYBBP1A NOL12 GZF1 GLYR1 RPS24 FYTTD1 RBM28 RRP8 ZNF771 DDX27 ZNF770 WHSC1 MPHOSPH10 DDX24 DDX21 TTF1 RRP9 LARP1 DHX57 BRIX1 IGF2BP3 RPS13 
11.845153,-5.967518,TADA2B,TAF6L TAF5L TAF12 TADA1 TAF9 TAF10 SUPT20H SUPT7L TAF9B SUPT3H 
8.26517,-6.224184,ZNF397,ZBED9 ZNF197 ZNF174 ZNF26 ZNF444 
10.698452,-3.985227,DARS,AIMP2 AIMP1 QARS MARS EEF1E1 
2.8140604,-15.4480715,MRPS18B,DAP3 MRPS27 MRPS9 MRPS28 MRPS25 MRPS35 MRPS21 MRPS33 MRPS22 MRPS7 
10.590921,6.3514724,KRR1,UPF1 RBM19 GNL3 REXO4 GNL2 LARP7 GTPBP4 MRTO4 NSA2 LIN28B DKC1 RPL26 CCDC86 PABPC4 POP1 ZNF512 RPL26L1 HP1BP3 ZCCHC9 ZC3HAV1 NOC4L PRDM15 ZC3H8 DHX30 SRP72 PURA PES1 RPL15 RPS5 RPL17 RRS1 SF3B2 DDX18 ABT1 ZCRB1 SURF6 DDX56 CCDC137 FTSJ3 GLTSCR2 MOV10 RSL1D1 EBNA1BP2 MYBBP1A TSR1 GZF1 ZCCHC3 GLYR1 NOP56 RPS24 RBM28 LTV1 ZNF771 DDX27 DDX24 DDX21 ZNF22 PPAN KRI1 LARP1 NKRF BRIX1 RRP12 NIFK RPS13 RBM34 
15.994026,-4.3822446,CFL1,CAP2 CAP1 MYO5C CFL2 ACTG1 MYO5B COBL TWF1 PPIAL4D SORBS2 CORO1C SSH2 
-0.09681992,15.691668,MRPL21,MRPL53 MRPL54 ICT1 MRPL28 MRPL48 MRPL38 MRPL47 MRPL34 
28.367056,-1.3250808,COMMD8,COMMD9 COMMD10 COMMD3 COMMD2 VPS29 COMMD5 
13.438663,-9.498062,GPS1,LRR1 CUL2 COPS7B COPS7A RBX1 COPS5 DDB2 CUL4B COPS4 CUL4A COPS6 COPS3 COPS2 DCAF11 COPS8 
0.9400532,17.015562,NGRN,GADD45GIP1 PTCD1 MTERF3 MRPL28 MRPS18A MRPL27 MRPL24 MRPL46 MRPL47 MRPL22 MRPL23 MRPL32 WBSCR16 MRPL50 TRUB2 FASTKD2 MRPL19 MRPL17 MRPL39 MRPL18 MRPL38 YARS2 MRPL13 MRPL57 MRPL14 MRPL20 MRPL4 MRPL21 MRPL43 MRPL3 MRPL40 MRPL41 MRPL9 ICT1 IGF2BP2 RALY 
9.077409,-2.1440177,SAFB,HNRNPM DDX5 PRPF19 EIF2S2 MCM2 
21.739002,14.594454,MRGBP,TRRAP MEAF6 ACTR6 ZNHIT1 MORF4L1 MORF4L2 VPS72 YEATS4 KAT5 MBTD1 EPC1 EPC2 EP400 DMAP1 JAZF1 BRD8 
1.0047485,17.081564,MRPL42,GADD45GIP1 MRPL28 MRPL48 MRPS18A MRPL27 MRPL24 MRPL46 MRPL47 MRPL44 MRPL22 MRPL23 MRPL53 MRPL54 MRPL10 MRPL32 MRPL51 MRPL30 MRPL50 MRPL19 MRPL17 MRPL39 MRPL18 MRPL15 MRPL37 MRPL38 MRPL16 MRPL35 MRPL1 MRPL13 MRPL57 MRPL14 MRPL33 MRPL34 MRPL12 MRPL20 MRPL4 MRPL21 MRPL43 MRPL3 MRPL40 MRPL41 MRPL2 MRPL9 ICT1 
11.551298,-5.0360994,WDR33,CPSF2 FIP1L1 CPSF1 CPSF4 CPSF3 SYMPK 
-0.9525094,1.8741254,RPLP1,RPS8 RPL21 RPS6 RPL24 RPS7 RPL23 NAP1L4 NAP1L1 RPS3A RPSA EEF1A1 RPL37A EEF1G FAU PABPC1 RPL27 RPL29 RPL11 RPL10 RPL13 RPL12 ATP5A1 HNRNPU FBL RPF2 PES1 RPL15 RPL14 RPS5 RPS3 RPS15A RPS27A RPL18 MYH7B NOP58 NACA2 RPL23A EEF2 EIF2S1 SRPK1 SRPK2 RPS26 EBNA1BP2 RPL27A HADHA NCL RPS20 SLC25A6 RPS23 NOP10 SLC25A5 EIF3B RPS25 RPL6 PWP1 RPL3 RPL31 RPL4 RPL30 RPLP0 RPL32 RPLP2 RPL34 YBX1 RPL10A RPL9 RPL7 RPS16 RPS4X RPS18 RPL18A RPS19 RRP15 RPL36 RPS10 RPL39 RPS14 RPL7A RPS13 
25.768929,-2.5640705,GPM6B,SYT1 SNAP91 SYN1 L1CAM DCLK1 ATP4A MAPT VSNL1 GNAO1 CDH13 AMPH STX1B CNTN1 GRIA2 STXBP1 RAB3A HPCA CAMK2A HIST1H2BL CAMK2B CRMP1 NCALD GNG2 DPYSL2 CALB2 DPYSL5 EPB41L1 DPYSL3 CAMKV SNCB 
16.012556,-6.2829437,FKBP1B,AHCY TAGLN3 ENO1 TBCA ENO3 HIBCH SOD1 
-0.9628874,2.1234522,HSP90AA1,BTF3 RPS8 RPS9 RPL21 RPS6 RPL23 RPL23A HSPA4 RPS3A RPL27A HADHA RPL37A RPL27 RPS20 RPS23 RPL6 RPL3 RPL31 RPL4 RPL30 HSP90AB1 RPLP0 RPL10 RPL10L RPL13 RPL35 RPLP2 RPL12 ATP5A1 YBX1 RPL9 FBL RPL8 RPS16 EEF1B2 RPS18 RPL18A RPL14 RPL36 RPS3 RPS12 RPS15A RPL19 RPS11 RPL7A RPS13 
11.457524,-4.602356,KDM1A,HDAC1 GSE1 HMG20B HMG20A RCOR3 RCOR1 
11.431036,-4.695385,HAUS7,HAUS8 HAUS5 HAUS4 HAUS6 HAUS1 HAUS3 HAUS2 
2.8642755,-15.398894,MRPS26,MRPS27 MRPS28 NOP16 MRPS25 MRPS23 DDX56 MRPS21 MRPS18B MRPS22 MRPS7 GLTSCR2 MOV10 NSA2 EBNA1BP2 MRPS9 DKC1 RPL26 RPL26L1 DAP3 DDX27 MRPS35 DDX21 MRPS33 DHX30 LLPH 
11.977446,-4.729741,SPC25,SPC24 PMF1 NUF2 CASC5 ZWINT 
11.85992,-5.966913,TAF5L,TAF12 TADA1 SUPT20H SUPT3H TAF9B 
9.549332,6.712379,YTHDC2,NOP16 RRP1B DDX31 FTSJ3 GNL3 GTPBP4 MRTO4 EBNA1BP2 MYBBP1A RPL26 TSR1 NOP56 RPS24 RPL26L1 RBM28 DDX27 STAU2 DDX24 DDX21 NOC4L DHX30 LARP1 RPL36A PES1 RPS5 RPL17 LYAR 
10.885375,6.3599496,NOP2,IMP3 IMP4 ZBTB11 KNOP1 LARP7 SRRM1 GTPBP4 MRTO4 BOP1 LIN28B XRN2 DKC1 RPL7L1 RPL26 CCDC86 POP1 RPL26L1 STAU1 STAU2 NIP7 SDAD1 DHX30 HERC5 SRP72 PURA PES1 RPL15 RPL17 NOP16 SURF6 DDX56 CCDC137 DDX54 DDX50 FTSJ3 GLTSCR2 MOV10 NOL12 RSL24D1 GLYR1 RPS24 RRP8 ZNF771 WHSC1 MPHOSPH10 ZNF22 PPAN TTF1 RRP9 LARP1 C7ORF50 BRIX1 UPF1 DDX31 GNL3 REXO4 GNL2 WDR36 NSA2 PABPC4 CEBPZ ZNF512 HP1BP3 NVL YTHDC2 ZC3HAV1 NOC4L ZC3H8 RPF2 LLPH RPL36A GAR1 RRS1 LYAR DDX18 MYEF2 MRPS26 KRR1 PAPD5 MRPS22 SRP68 RRP1B NOC3L RSL1D1 EBNA1BP2 MYBBP1A GZF1 NOP56 FYTTD1 RBM28 DDX27 DDX24 DDX21 NOC2L KRI1 NKRF DHX57 RRP15 RRP12 IGF2BP3 NIFK RBM34 
11.749092,-4.683636,RETSAT,EPHX1 CYP51A1 PDE3B THEM6 SLC27A3 
11.637356,19.837286,EXOSC2,EXOSC8 EXOSC7 EXOSC10 EXOSC5 DIS3 MPHOSPH6 EXOSC1 
11.267078,-7.8998976,CNOT8,CNOT6L CNOT7 CNOT2 CNOT3 RQCD1 CNOT11 TNKS1BP1 
11.73578,-5.15045,TRAPPC3,TRAPPC2L TRAPPC4 TRAPPC1 TRAPPC8 TRAPPC5 TRAPPC11 TRAPPC12 
9.554646,6.8352566,NOC3L,MYEF2 NOP16 IMP3 DDX56 CCDC137 PAPD5 RRP1B FTSJ3 GNL3 REXO4 WDR12 GLTSCR2 GTPBP4 MRTO4 NSA2 EBNA1BP2 MYBBP1A DKC1 RPL7L1 RPL26 GZF1 FYTTD1 RPL26L1 RBM28 RRP8 DDX27 STAU2 NIP7 DDX24 ZC3HAV1 DDX21 RRP9 RPF2 DHX30 LLPH RPL36A PES1 RPL17 RRS1 LYAR 
10.908365,6.4211698,CTCF,ZBTB11 KNOP1 DDX31 GNL3 REXO4 GNL2 LARP7 GTPBP4 LIN28B XRN2 DKC1 RPL26 POP1 ZNF512 RPL26L1 HP1BP3 STAU1 NIP7 NOP2 ZC3HAV1 RPF2 DHX30 PURA RPL15 GAR1 RRS1 LYAR NOP16 SURF6 CCDC137 PAPD5 NOC3L FTSJ3 GLTSCR2 RSL1D1 EBNA1BP2 MYBBP1A H1F0 NOL12 GZF1 GLYR1 RPS24 RBM28 ZNF771 DDX27 WHSC1 DDX24 DDX21 ZNF22 PPAN KRI1 TTF1 RRP9 LARP1 C7ORF50 NKRF BRIX1 RPS13 RBM34 
3.163511,-15.112874,MRPS15,DAP3 MRPS27 MRPS28 MRPS17 PTCD3 MRPS14 MRPS25 MRPS26 MRPS23 MRPS34 MRPS35 MRPS21 MRPS18C MRPS33 MRPS11 MRPS22 MRPS18B MRPS2 MRPS31 MRPS7 MRPS6 MRPS5 MRPS9 
11.24984,-5.5854325,EIF3I,EIF3A PRRC2B EIF3L EIF3M EIF3J EIF3K EIF3H EIF3F EIF3CL EIF3G EIF3D EIF3E EIF3B EIF3C 
-0.41502818,2.2218642,NACA2,RPL6 BTF3 RPLP0 RPL21 PTGES3 RPLP2 RPL12 RPL23 YBX1 DLST RPL23A RPSA RCN1 RPS19 G3BP2 EEF1G CALU RPL39 RPS3 RPS15A 
7.9784946,12.460339,NUP85,NUP205 NUP107 NDC1 NUP153 NUP210 NUP133 NUP160 AAAS SMPD4 NXF1 GLE1 TMEM214 NUP98 SUMO1 NUP43 NUP35 TMEM209 NUP37 
9.265603,-1.4974865,SF3A2,SF3B5 SART1 AQR SF3A3 PRPF31 SNRPB2 
-6.1881595,6.687185,MED30,MED1 CDK19 MED4 MED9 MED13L MED28 MED27 MED6 MED7 MED29 MED24 MED23 CDK8 MED26 MED25 MED20 MED22 MED21 CCNC MED17 MED16 MED19 MED12L MED18 MED13 MED12 MED15 MED14 MED31 MED11 MED10 
0.3828458,3.122087,ZNF622,SND1 RPL3 NPM3 RPS8 RPL11 DDX47 RPL10 RPL13 RTCB RPS27 MRTO4 RPS4X RPS15 RPL27A G3BP1 RPS5 RPL14 RRS1 RPS20 RPS3 RPS15A RPS25 
0.43998125,16.49191,MRPL27,MTERF3 MRPL28 MRPL48 MRPS18A MRPL24 MRPL47 MRPL22 MRPL54 MRPL10 MRPL32 MRPL30 MRPL50 MRPL19 MRPL38 MRPL35 MRPL13 MRPL57 MRPL14 MRPL55 MRPL11 MRPL34 MRPL4 MRPL21 MRPL43 MRPL3 MRPL2 MRPL9 ICT1 
7.672616,-1.1742795,TRA2A,BCLAF1 THRAP3 SNRNP70 SRSF1 TRA2B PPIG SRSF3 SRSF5 SRSF6 SRSF7 SRSF9 SRRM2 
-6.4366703,7.1016674,MED9,CDK19 MED4 MED17 MED27 MED6 MED12L MED29 MED13 MED23 MED14 MED25 MED31 MED20 MED22 
7.7205377,-1.0945492,SRSF9,RBM39 SRRT SRSF1 SRSF2 PRPF40A PNN EFTUD2 SRRM2 CLK2 PRPF8 BCLAF1 THRAP3 MKRN1 PABPN1 TRA2B SRSF3 SRSF4 SRSF6 ZC3H14 SRSF7 RBM25 SRSF8 
12.321387,-4.626247,ZFP41,LRP4 LTBP1 LRP1B AGRN FBLN5 
12.272046,-4.7416296,CSTF2,PCF11 CSTF3 PAPOLB PAPOLA CSTF2T 
11.209998,-5.524174,EIF3E,DDX47 EIF3L EIF3H EIF3F EIF3CL EIF3G EIF3D EIF3C PRRC2B 
6.7499475,-5.0115294,RBBP4,HDAC2 MBD2 MBD3 GATAD2A CHD5 CDK2AP1 CHD4 MTA3 ASF1B GATAD2B NT5C2 
16.224255,-3.7554824,SPECC1L,LIMCH1 MYO5A MYH9 LIMA1 PPP1CB 
12.219264,-4.6780863,CKAP5,TOX4 TACC2 PPP1R10 SLAIN1 TACC1 
10.566027,6.32837,SRP68,DDX18 NOP16 IMP4 CCDC137 CHERP FTSJ3 GNL3 GTPBP4 RSL1D1 MYBBP1A RPL7L1 TSR1 GZF1 GLYR1 NOP56 RPS24 STAU1 DDX24 PRDM15 YBX3 KRI1 DHX30 SRP72 PES1 RPS5 RPL17 RRP12 SF3B2 LYAR 
3.1303878,-15.145592,MRPS24,DAP3 MRPS27 MRPS28 MRPS17 PTCD3 MRPS14 MRPS25 MRPS26 MRPS15 MRPS23 MRPS34 MRPS35 MRPS21 MRPS18C MRPS33 MRPS11 MRPS22 MRPS18B MRPS2 MRPS31 MRPS7 MRPS6 MRPS5 MRPS9 
8.971797,-1.662005,PSIP1,SF3A3 PRPF19 PRPF40A SF3A1 SF3B2 SRSF11 
9.542342,-9.187917,STRN3,PPP2CB STRIP2 SLMAP STRN CTTNBP2NL 
16.388327,-17.58901,POMP,PSMB9 PSMB7 PSMA6 PSMA7 PSMB5 PSMA5 PSMB4 PSMA3 PSMB1 PSME4 PSMB2 PSMA1 PSMF1 PSMG2 
15.769317,-6.109154,FABP3,HRSP12 HINT1 GOT2 TAGLN2 GLRX 
11.719125,-4.724599,SEC23A,SEC24B SEC13 IVD PKP3 SEC31A 
10.727363,-6.8062096,CENPP,CENPU CENPH CENPK CENPN CENPO CENPQ ITGB3BP CENPT 
7.9313574,12.505298,NUP160,SMPD4 GLE1 NUP107 TMEM214 SUMO1 NUP43 NUP35 NUP153 NUP210 NUP133 
7.959485,-1.6124192,PRPF4B,RBM39 DDX46 PPIG IWS1 SRSF5 SRSF6 SRSF11 
0.13276781,2.9270837,CANX,TUFM RPL22 PRKCSH RPS9 RPLP2 RPL13 YBX1 MOGS RPS3A RPL10A ATP5O RPL7 GANAB UQCRC2 RPL14 RPS3 
0.6457404,4.2171583,RPS9,RPL3 DDX47 RPL21 RPL27A G3BP1 MTHFD1L PES1 FAU RPS5 MINA RPF2 
10.272327,6.766875,PURA,UPF1 IMP3 DDX31 GNL3 REXO4 LARP7 GTPBP4 NSA2 LIN28B DKC1 RPL26 PABPC4 RPL26L1 ZCCHC9 STAU2 NIP7 YTHDC2 ZC3HAV1 RPF2 DHX30 LLPH RPS5 RPL17 SF3B2 LYAR NOP16 MRPS26 SURF6 CCDC137 PAPD5 MRPS22 FTSJ3 GLTSCR2 MOV10 EBNA1BP2 MYBBP1A GZF1 ZCCHC3 RPS24 FYTTD1 RBM28 ZNF574 RRP8 ZNF771 DDX27 WHSC1 MPHOSPH10 DDX24 DDX21 LARP1 DHX57 BMS1 BRIX1 IGF2BP3 RPS13 
3.0906248,-15.178446,MRPS5,DAP3 MRPS27 MRPS28 MRPS17 MRPS14 MRPS25 MRPS26 MRPS23 MRPS35 MRPS21 MRPS18C MRPS33 MRPS11 MRPS22 MRPS18B MRPS2 MRPS31 MRPS7 MRPS9 
3.1151178,-15.1593,PTCD3,DAP3 MRPS27 MRPS28 MRPS17 MRPS14 MRPS25 MRPS26 MRPS23 MRPS34 MRPS35 MRPS21 MRPS18C MRPS33 MRPS11 MRPS22 MRPS18B MRPS2 MRPS31 MRPS7 MRPS5 MRPS9 
28.350565,-1.2845991,RANBP1,DSCR3 RANBP3L C16ORF62 COMMD10 FAM45A COMMD4 CCDC22 COMMD1 COMMD2 CCDC93 COMMD8 COMMD5 
11.675329,-4.808418,PPP2R5D,PPP2R2D PPFIA1 PPP2R5E PPP2R1A PPP2R5A PPP2CA 
10.804057,-5.8802133,COG4,ZW10 COG8 COG7 COG6 XPO7 COG3 COG1 
12.084591,-4.6591372,GDI1,RAB12 RAB35 RAB4A RAB8B RAB6A 
10.993281,-5.431813,GID4,MKLN1 RMND5A ARMC8 MAEA YPEL5 RANBP10 
